"TOA5","EKO_MS80_1","CR300","16466","CR310.Std.10.07","CPU:08_10_25_adams.cr300","26933","IPC_DNI"
"TIMESTAMP","RECORD","DNI","Vraw_mV","BattV","PTemp_C","Vraw_mV_Adam"
"TS","RN","W/m^2","mV","Volts","Deg C",""
"","","Smp","Smp","Smp","Smp","Smp"
"2025-10-10 07:52:30",203,724.1837,4844.882,13.86195,15.66321,5214.693
"2025-10-10 07:54:00",204,728.1887,4864.072,13.86268,15.98728,5270.699
"2025-10-10 07:55:30",205,731.1481,4890.209,13.83009,16.12117,5428.016
"2025-10-10 07:57:00",206,732.9753,4906.45,13.83009,16.1438,5206.517
"2025-10-10 07:58:30",207,746.3263,4988.973,13.82864,16.06002,5241.546
"2025-10-10 08:00:00",208,754.6002,5053.333,13.82985,15.92834,5077.259
"2025-10-10 08:01:30",209,755.0143,5050.05,13.83009,15.78981,5063.766
"2025-10-10 08:03:00",210,754.4732,5044.107,13.77963,15.59069,4995.675
"2025-10-10 08:04:30",211,761.9421,5100.381,13.82888,15.49201,5052.284
"2025-10-10 08:06:00",212,764.7913,5112.109,13.82719,15.28129,5013.323
"2025-10-10 08:07:30",213,729.0137,4880.223,13.83105,15.10425,4661.249
"2025-10-10 08:09:00",214,654.3921,4370.386,13.83033,14.95921,4113.904
"2025-10-10 08:10:30",215,585.6761,3915.17,13.8284,14.79011,3533.384
"2025-10-10 08:12:00",216,553.0216,3700.44,13.82816,14.64806,3250.25
"2025-10-10 08:13:30",217,557.5043,3728.454,13.82719,14.50323,3197.953
"2025-10-10 08:15:00",218,562.6483,3763.505,13.82816,14.36051,3167.951
"2025-10-10 08:16:30",219,633.4319,4236.594,13.79652,14.26702,3535.059
"2025-10-10 08:18:00",220,634.1267,4239.364,13.82671,14.13004,3478.406
"2025-10-10 08:19:30",221,567.7789,3799.74,13.82381,14.04582,3032.371
"2025-10-10 08:21:00",222,488.1636,3262.582,13.82695,13.918,2534.62
"2025-10-10 08:22:30",223,600.4267,4030.264,13.90033,13.80398,3108.706
"2025-10-10 08:24:00",224,625.9263,4210.434,13.82526,13.72274,3216.473
"2025-10-10 08:25:30",225,707.0848,4788.34,13.82453,13.65299,3648.523
"2025-10-10 08:27:00",226,684.7418,4649.7,13.82574,13.54901,3543.146
"2025-10-10 08:28:30",227,602.5244,4072.062,13.8255,13.52086,3109.197
"2025-10-10 08:30:00",228,547.5937,3680.781,13.85471,13.41787,2819.563
"2025-10-10 08:31:30",229,684.0136,4624.523,13.85592,13.39834,3524.381
"2025-10-10 08:33:00",230,677.7606,4584.959,13.85688,13.31931,3511.402
"2025-10-10 08:34:30",231,700.0569,4713.1,13.85544,13.23785,3619.369
"2025-10-10 08:36:00",232,703.6176,4751.569,13.85616,13.22107,3676.514
"2025-10-10 08:37:30",233,699.7697,4729.162,13.85592,13.16312,3680.022
"2025-10-10 08:39:00",234,674.5673,4531.456,13.85688,13.13652,3508.52
"2025-10-10 08:40:30",235,686.7426,4593.917,13.85447,13.11058,3595.846
"2025-10-10 08:42:00",236,661.8375,4425.029,13.77118,13.04932,3513.837
"2025-10-10 08:43:30",237,583.8489,3904.089,13.88657,13.07416,3165.538
"2025-10-10 08:45:00",238,585.5358,3912.467,13.88585,12.96676,3163.952
"2025-10-10 08:46:30",239,555.7807,3715.676,13.88802,12.95826,3023.658
"2025-10-10 08:48:00",240,560.0562,3748.717,13.88609,12.9736,3079.24
"2025-10-10 08:49:30",241,482.4183,3226.615,13.88826,12.91631,2688.138
"2025-10-10 08:51:00",242,429.2813,2873.916,13.88633,12.93983,2353.601
"2025-10-10 08:52:30",243,410.2351,2741.955,13.88706,12.90042,2305.258
"2025-10-10 08:54:00",244,461.535,3087.304,13.88923,12.82084,2586.716
"2025-10-10 08:55:30",245,520.0632,3478.45,13.88609,12.91234,2908.832
"2025-10-10 08:57:00",246,698.2298,4671.503,13.88512,12.89622,3802.22
"2025-10-10 08:58:30",247,715.6894,4783.202,13.88754,12.89876,3848.419
"2025-10-10 09:00:00",248,760.8398,5130.428,13.8873,12.90174,4067.057
"2025-10-10 09:01:30",249,750.9659,5018.685,13.90782,12.88022,3977.453
"2025-10-10 09:03:00",250,813.4156,5456.164,13.88802,12.93497,4316.682
"2025-10-10 09:04:30",251,737.5247,4933.838,13.88706,12.83232,3895.555
"2025-10-10 09:06:00",252,792.4788,5322.237,13.89019,12.9215,4174.936
"2025-10-10 09:07:30",253,771.9896,5196.353,13.88754,12.95693,4036.407
"2025-10-10 09:09:00",254,824.0344,5548.516,13.88561,12.94656,4309.175
"2025-10-10 09:10:30",255,812.5839,5464.049,13.88899,12.98884,4225.468
"2025-10-10 09:12:00",256,784.0079,5256.134,13.88802,13.03784,4084.594
"2025-10-10 09:13:30",257,771.6155,5157.504,13.88706,13.0108,4111.223
"2025-10-10 09:15:00",258,701.0891,4692.078,13.88971,13.06467,3790.581
"2025-10-10 09:16:30",259,768.7762,5143.229,13.88947,13.08321,4262.195
"2025-10-10 09:18:00",260,715.9666,4785.659,13.88802,13.10506,4110.866
"2025-10-10 09:19:30",261,544.9248,3642.983,13.88706,13.14601,3215.914
"2025-10-10 09:21:00",262,497.7101,3328.797,13.92134,13.16345,3006.032
"2025-10-10 09:22:30",263,653.1395,4369.113,13.88899,13.21445,3947.16
"2025-10-10 09:24:00",264,601.4221,4022.937,13.8885,13.2352,3635.208
"2025-10-10 09:25:30",265,587.7404,3933.98,13.88971,13.27979,3555.947
"2025-10-10 09:27:00",266,647.8585,4336.162,13.88826,13.33487,3965.3
"2025-10-10 09:28:30",267,662.2952,4430.904,13.88971,13.36214,4106.085
"2025-10-10 09:30:00",268,711.7479,4759.812,13.8873,13.43112,4460.929
"2025-10-10 09:31:30",269,680.6466,4551.963,13.88657,13.46566,4219.124
"2025-10-10 09:33:00",270,656.5466,4391.274,13.88802,13.49735,4134.054
"2025-10-10 09:34:30",271,604.7991,4048.002,13.91989,13.57881,3840.801
"2025-10-10 09:36:00",272,559.7723,3743.69,13.88754,13.61799,3545.202
"2025-10-10 09:37:30",273,601.8764,4024.299,13.88875,13.67319,3860.527
"2025-10-10 09:39:00",274,590.2155,3947.026,13.88826,13.73235,3778.763
"2025-10-10 09:40:30",275,538.0172,3599.71,13.8465,13.76678,3470.676
"2025-10-10 09:42:00",276,491.9548,3290.261,13.88899,13.85222,3185.688
"2025-10-10 09:43:30",277,568.4036,3804.677,13.88995,13.88103,3727.315
"2025-10-10 09:45:00",278,561.2687,3752.537,13.89044,13.95432,3761.517
"2025-10-10 09:46:30",279,469.4481,3137.435,13.88947,14.02794,3188.771
"2025-10-10 09:48:00",280,499.604,3338.381,13.92182,14.06812,3411.498
"2025-10-10 09:49:30",281,495.4888,3317.202,13.89044,14.15631,3308.691
"2025-10-10 09:51:00",282,542.1858,3622.43,13.89044,14.20466,3611.908
"2025-10-10 09:52:30",283,555.7506,3717.821,13.88923,14.23866,3695.995
"2025-10-10 09:54:00",284,581.8715,3893.232,13.89116,14.33778,3881.95
"2025-10-10 09:55:30",285,592.3265,3962.485,13.89068,14.37431,3979.307
"2025-10-10 09:57:00",286,592.7474,3971.22,13.86002,14.4295,4037.725
"2025-10-10 09:58:30",287,594.9888,3980.223,13.85857,14.48988,4022.088
"2025-10-10 10:00:00",288,638.4457,4267.266,13.92544,14.54142,4237.845
"2025-10-10 10:01:30",289,726.278,4858.822,13.82864,14.66902,4870.773
"2025-10-10 10:03:00",290,730.0458,4882.993,13.82502,14.70257,4954.436
"2025-10-10 10:04:30",291,734.288,4911.812,13.8284,14.76086,4995.295
"2025-10-10 10:06:00",292,708.6213,4740.935,13.82574,14.85512,4941.814
"2025-10-10 10:07:30",293,670.0079,4477.505,13.82888,14.88526,4666.298
"2025-10-10 10:09:00",294,648.2627,4331.917,13.82816,14.98382,4415.133
"2025-10-10 10:10:30",295,678.9731,4540.347,13.82695,15.02754,4695.317
"2025-10-10 10:12:00",296,721.752,4828.484,13.82526,15.09079,4984.55
"2025-10-10 10:13:30",297,593.2084,3966.372,13.85881,15.18924,4038.351
"2025-10-10 10:15:00",298,698.0327,4670.855,13.85954,15.23262,4796.405
"2025-10-10 10:16:30",299,672.0788,4490.998,13.8593,15.31904,4835.723
"2025-10-10 10:18:00",300,698.1964,4668.51,13.8593,15.38207,4929.192
"2025-10-10 10:19:30",301,697.9359,4667.169,13.92641,15.43561,5069.016
"2025-10-10 10:21:00",302,629.4336,4210.992,13.86099,15.56497,4629.728
"2025-10-10 10:22:30",303,560.4871,3748.247,13.85954,15.61056,4098.757
"2025-10-10 10:24:00",304,522.545,3497.774,13.86123,15.66056,3785.979
"2025-10-10 10:25:30",305,500.4825,3347.629,13.82888,15.75813,3718.469
"2025-10-10 10:27:00",306,427.9386,2863.192,13.8284,15.80284,3174.72
"2025-10-10 10:28:30",307,485.0772,3246.877,13.83154,15.89931,3614.745
"2025-10-10 10:30:00",308,527.846,3529.742,13.83009,15.95372,4105.348
"2025-10-10 10:31:30",309,513.2824,3431.895,13.82936,16.00869,3872.344
"2025-10-10 10:33:00",310,557.6846,3728.521,13.83009,16.12227,4510.836
"2025-10-10 10:34:30",311,564.9664,3780.037,13.83081,16.17967,4566.238
"2025-10-10 10:36:00",312,500.379,3344.569,13.8296,16.28784,4079.657
"2025-10-10 10:37:30",313,445.2846,2976.969,13.83009,16.37328,3624.82
"2025-10-10 10:39:00",314,525.6281,3512.809,13.90661,16.43299,4260.899
"2025-10-10 10:40:30",315,478.8008,3206.509,13.79773,16.54922,3867.787
"2025-10-10 10:42:00",316,376.7155,2517.731,13.80062,16.62185,3043.161
"2025-10-10 10:43:30",317,196.5882,1314.268,13.7999,16.71501,1614.782
"2025-10-10 10:45:00",318,209.7121,1401.058,13.80256,16.81468,1700.231
"2025-10-10 10:46:30",319,187.1887,1252.856,13.80062,16.87175,1480.699
"2025-10-10 10:48:00",320,267.2082,1786.641,13.80038,16.96513,2059.856
"2025-10-10 10:49:30",321,266.9777,1785.413,13.80087,17.03367,2117.224
"2025-10-10 10:51:00",322,326.0436,2181.138,13.80207,17.08125,2588.615
"2025-10-10 10:52:30",323,481.2559,3217.366,13.83371,17.19074,3928.864
"2025-10-10 10:54:00",324,450.4152,3012.98,13.80256,17.23776,3659.469
"2025-10-10 10:55:30",325,317.9135,2124.083,13.80087,17.29505,2602.488
"2025-10-10 10:57:00",326,283.2147,1892.375,13.80304,17.36636,2290.447
"2025-10-10 10:58:30",327,275.7258,1843.295,13.76176,17.40454,2131.902
"2025-10-10 11:00:00",328,363.7887,2433.153,13.80159,17.49417,2815.452
"2025-10-10 11:01:30",329,393.0628,2631.686,13.80207,17.52464,3081.809
"2025-10-10 11:03:00",330,576.33,3856.483,13.80256,17.56912,4408.565
"2025-10-10 11:04:30",331,619.336,4146.028,13.80135,17.63766,4847.965
"2025-10-10 11:06:00",332,499.1331,3338.023,13.80256,17.67663,3921.76
"2025-10-10 11:07:30",333,540.3887,3614.321,13.80231,17.75246,4275.599
"2025-10-10 11:09:00",334,610.0133,4081.891,13.8028,17.78304,4919.519
"2025-10-10 11:10:30",335,620.3447,4149.357,13.80135,17.8124,4933.861
"2025-10-10 11:12:00",336,667.2689,4460.683,13.80183,17.90688,5435.209
"2025-10-10 11:13:30",337,627.1121,4192.853,13.80159,17.93094,5072.054
"2025-10-10 11:15:00",338,688.3326,4599.882,13.80473,17.98282,5597.417
"2025-10-10 11:16:30",339,704.5062,4712.43,13.8028,18.03382,5739.789
"2025-10-10 11:18:00",340,664.944,4447.101,13.73931,18.06516,5403.486
"2025-10-10 11:19:30",341,680.6633,4552.165,13.77166,18.1219,5535.537
"2025-10-10 11:21:00",342,702.2949,4699.629,13.77286,18.16208,5678.354
"2025-10-10 11:22:30",343,717.2827,4800.135,13.77431,18.19254,5844.361
"2025-10-10 11:24:00",344,711.3737,4760.639,13.77528,18.23769,5784.781
"2025-10-10 11:25:30",345,758.7889,5072.858,13.77117,18.25854,6199.719
"2025-10-10 11:27:00",346,883.097,5900.97,13.77359,18.34155,7171.429
"2025-10-10 11:28:30",347,922.0011,6165.918,13.7731,18.37963,7490.932
"2025-10-10 11:30:00",348,884.5967,5915.781,13.77286,18.40524,7180.231
"2025-10-10 11:31:30",349,910.8947,6088.377,13.80569,18.48328,7420.964
"2025-10-10 11:33:00",350,877.8361,5870.967,13.77166,18.50249,7156.439
"2025-10-10 11:34:30",351,791.8074,5295.317,13.77455,18.54543,6437.86
"2025-10-10 11:36:00",352,728.516,4873.588,13.77311,18.58759,5910.241
"2025-10-10 11:37:30",353,840.0977,5615.535,13.68378,18.61596,6827.666
"2025-10-10 11:39:00",354,919.7932,6150.459,13.77383,18.70293,7471.586
"2025-10-10 11:40:30",355,909.4384,6082.591,13.77238,18.73362,7393.978
"2025-10-10 11:42:00",356,915.6011,6128.098,13.77407,18.79002,7462.516
"2025-10-10 11:43:30",357,802.3293,5364.816,13.77311,18.87965,6544.398
"2025-10-10 11:45:00",358,811.4148,5430.383,13.77286,18.928,6587.603
"2025-10-10 11:46:30",359,873.34,5836.52,13.77455,19.0461,7094.827
"2025-10-10 11:48:00",360,867.8152,5803.367,13.77552,19.09687,7047.444
"2025-10-10 11:49:30",361,855.7402,5725.246,13.77431,19.15129,6946
"2025-10-10 11:51:00",362,749.3259,5012.497,13.77383,19.25703,6073.611
"2025-10-10 11:52:30",363,702.2582,4697.909,13.77552,19.296,5701.878
"2025-10-10 11:54:00",364,617.9665,4132.893,13.77455,19.39435,5024.984
"2025-10-10 11:55:30",365,664.6901,4445.537,13.776,19.45407,5379.203
"2025-10-10 11:57:00",366,692.0236,4629.214,13.78059,19.48585,5618.931
"2025-10-10 11:58:30",367,642.9149,4301.334,13.74438,19.60318,5237.972
"2025-10-10 12:00:00",368,725.8738,4852.008,13.74534,19.63354,5894.581
"2025-10-10 12:01:30",369,713.5683,4772.523,13.74631,19.70562,5753.103
"2025-10-10 12:03:00",370,736.4324,4926.779,13.74486,19.77328,5994.015
"2025-10-10 12:04:30",371,656.2225,4389.464,13.74534,19.81589,5329.833
"2025-10-10 12:06:00",372,542.7503,3630.517,13.7451,19.90065,4425.007
"2025-10-10 12:07:30",373,628.8624,4203.531,13.74631,19.94073,5105.921
"2025-10-10 12:09:00",374,657.9962,4402.623,13.74486,19.97736,5324.314
"2025-10-10 12:10:30",375,650.8547,4355.776,13.71638,20.04283,5285.398
"2025-10-10 12:12:00",376,658.4037,4404.499,13.71783,20.05607,5352.061
"2025-10-10 12:13:30",377,677.47,4532.349,13.71614,20.11391,5492.778
"2025-10-10 12:15:00",378,715.0213,4778.957,13.71614,20.14415,5803.345
"2025-10-10 12:16:30",379,669.4935,4475.606,13.63623,20.15464,5438.694
"2025-10-10 12:18:00",380,682.9447,4566.596,13.71566,20.21104,5543.289
"2025-10-10 12:19:30",381,618.1736,4136.042,13.71638,20.21093,5012.832
"2025-10-10 12:21:00",382,664.767,4448.598,13.71638,20.24438,5379.829
"2025-10-10 12:22:30",383,683.6595,4571.421,13.71662,20.29813,5579.948
"2025-10-10 12:24:00",384,745.8052,4988.571,13.68645,20.3159,6056.499
"2025-10-10 12:25:30",385,773.5261,5170.059,13.68741,20.38632,6284.788
"2025-10-10 12:27:00",386,832.5286,5573.804,13.68813,20.40189,6752.493
"2025-10-10 12:28:30",387,911.7297,6095.727,13.68669,20.4329,7370.253
"2025-10-10 12:30:00",388,942.8711,6308.669,13.68862,20.51227,7673.135
"2025-10-10 12:31:30",389,793.8683,5307.85,13.68813,20.54041,6472.241
"2025-10-10 12:33:00",390,765.7634,5118.7,13.68838,20.60002,6198.333
"2025-10-10 12:34:30",391,934.8544,6259.522,13.68813,20.64064,7605.959
"2025-10-10 12:36:00",392,871.1722,5834.241,13.64419,20.66526,7074.274
"2025-10-10 12:37:30",393,847.0789,5668.815,13.71807,20.7508,6887.291
"2025-10-10 12:39:00",394,832.0042,5562.858,13.71759,20.80554,6784.528
"2025-10-10 12:40:30",395,839.7703,5617.144,13.71759,20.84186,6820.093
"2025-10-10 12:42:00",396,848.6187,5672.345,13.71831,20.94815,6889.837
"2025-10-10 12:43:30",397,872.8724,5835.961,13.71807,20.96725,7087.119
"2025-10-10 12:45:00",398,932.2123,6233.34,13.71807,21.06173,7580.514
"2025-10-10 12:46:30",399,941.1542,6292.786,13.7171,21.1146,7645.143
"2025-10-10 12:48:00",400,918.6508,6149.007,13.71879,21.15059,7464.504
"2025-10-10 12:49:30",401,918.6074,6140.719,13.71976,21.23745,7454.719
"2025-10-10 12:51:00",402,962.8058,6441.68,13.71879,21.27145,7813.741
"2025-10-10 12:52:30",403,959.392,6421.217,13.71952,21.32863,7792.206
"2025-10-10 12:54:00",404,965.802,6461.16,13.71759,21.38879,7849.395
"2025-10-10 12:55:30",405,967.3753,6469.851,13.70865,21.40148,7855.874
"2025-10-10 12:57:00",406,956.7399,6398.654,13.71735,21.48868,7773.485
"2025-10-10 12:58:30",407,960.7816,6432.32,13.71759,21.51285,7802.325
"2025-10-10 13:00:00",408,941.4682,6297.433,13.71976,21.55347,7626.355
"2025-10-10 13:01:30",409,952.1537,6368.607,13.72,21.60933,7737.719
"2025-10-10 13:03:00",410,959.2117,6409.064,13.69031,21.62941,7789.927
"2025-10-10 13:04:30",411,955.3002,6387.953,13.69055,21.68228,7755.144
"2025-10-10 13:06:00",412,949.231,6342.626,13.69007,21.69343,7698.334
"2025-10-10 13:07:30",413,940.112,6287.894,13.69127,21.70403,7633.929
"2025-10-10 13:09:00",414,938.4085,6275.83,13.69151,21.77169,7618.47
"2025-10-10 13:10:30",415,939.14,6275.294,13.68958,21.78483,6472.71
"2025-10-10 13:12:00",416,939.1233,6280.946,13.69007,21.82081,6475.704
"2025-10-10 13:13:30",417,907.1302,6071.221,13.692,21.83461,6258.695
"2025-10-10 13:15:00",418,896.5683,5998.75,13.6594,21.8165,6205.393
"2025-10-10 13:16:30",419,908.012,6072.695,13.66326,21.86131,6251.614
"2025-10-10 13:18:00",420,915.855,6123.875,13.66036,21.85768,6282.822
"2025-10-10 13:19:30",421,897.714,6004.47,13.66326,21.86331,6147.578
"2025-10-10 13:21:00",422,910.731,6091.483,13.6606,21.88803,6293.948
"2025-10-10 13:22:30",423,933.545,6243.348,13.66133,21.88881,6432.164
"2025-10-10 13:24:00",424,939.7346,6283.292,13.66157,21.92721,6492.592
"2025-10-10 13:25:30",425,949.6318,6355.024,13.66278,21.92688,6547.682
"2025-10-10 13:27:00",426,950.1696,6354.89,0,21.82324,6582.375
"2025-10-10 13:28:30",427,949.7754,6352.567,0,21.63151,6595.467
"2025-10-10 13:30:00",428,950.6539,6356.03,13.71807,21.60171,6575.316
"2025-10-10 13:31:30",429,950.2397,6355.27,13.72048,21.75712,6551.569
"2025-10-10 13:33:00",430,948.9971,6341.643,13.71879,21.87004,6543.125
"2025-10-10 13:34:30",431,945.9909,6329.959,13.75162,21.94211,6510.933
"2025-10-10 13:36:00",432,929.8073,6225.365,13.69103,22.05812,6411.455
"2025-10-10 13:37:30",433,726.6254,4859.604,13.69151,22.0951,4994.469
"2025-10-10 13:39:00",434,848.5018,5676.076,13.69127,22.14874,5799.212
"2025-10-10 13:40:30",435,897.8676,6002.816,0,22.1578,6160.646
"2025-10-10 13:42:00",436,904.9724,6054.287,0,21.96839,6186.65
"2025-10-10 13:43:30",437,922.1313,6161.764,0,21.76374,6328.552
"2025-10-10 13:45:00",438,899.4242,6012.221,0,21.64343,6177.714
"2025-10-10 13:46:30",439,851.3043,5690.842,0,21.54309,5820.189
"2025-10-10 13:48:00",440,868.1893,5805.289,0,21.54806,5928.447
"2025-10-10 13:49:30",441,875.0369,5848.538,0,21.52422,6014.143
"2025-10-10 13:51:00",442,866.8799,5800.575,0,21.56407,5946.23
"2025-10-10 13:52:30",443,829.98,5548.226,0,21.59674,5692.384
"2025-10-10 13:54:00",444,645.2631,4308.058,0,21.59895,4463.744
"2025-10-10 13:55:30",445,720.0751,4817.426,0,21.65016,4917.396
"2025-10-10 13:57:00",446,866.7731,5799.279,0,21.64873,5941.248
"2025-10-10 13:58:30",447,924.5397,6179.725,0,21.64222,6315.885
"2025-10-10 14:00:00",448,927.9267,6208.051,0,21.66507,6380.604
"2025-10-10 14:01:30",449,933.2912,6240.444,0,21.62985,6420.323
"2025-10-10 14:03:00",450,931.4307,6238.5,0,21.66616,6380.224
"2025-10-10 14:04:30",451,933.4048,6241.874,0,21.64696,6401.446
"2025-10-10 14:06:00",452,933.358,6244.42,0,21.60347,6392.287
"2025-10-10 14:07:30",453,930.8094,6224.627,0,21.6399,6391.729
"2025-10-10 14:09:00",454,929.4232,6218.529,0,21.60657,6384.714
"2025-10-10 14:10:30",455,928.9689,6215.178,0,21.61153,6366.284
"2025-10-10 14:12:00",456,919.6629,6149.275,0,21.59431,6359.828
"2025-10-10 14:13:30",457,926.5071,6196.435,0,21.56616,6377.61
"2025-10-10 14:15:00",458,926.1396,6195.943,0,21.641,6386.188
"2025-10-10 14:16:30",459,924.5998,6180.797,0,21.64961,6364.027
"2025-10-10 14:18:00",460,921.313,6161.272,0,21.70999,6365.345
"2025-10-10 14:19:30",461,918.4236,6140.496,0,21.86341,6311.149
"2025-10-10 14:21:00",462,921.5635,6158.926,0,21.99708,6314.902
"2025-10-10 14:22:30",463,918.7844,6145.254,0,22.11949,6262.649
"2025-10-10 14:24:00",464,906.048,6060.766,0,22.19996,7345.366
"2025-10-10 14:25:30",465,918.8212,6145.567,0,22.25592,7427.242
"2025-10-10 14:27:00",466,920.8954,6159.887,0,22.32359,7319.14
"2025-10-10 14:49:30",477,896.6752,5994.774,13.71952,22.02523,7282.212
"2025-10-10 14:51:00",478,894.3637,5980.633,13.6932,22.51465,7265.167
"2025-10-10 14:52:30",479,895.0618,5982.264,13.69055,22.84358,7264.81
"2025-10-10 14:54:00",480,892.5232,5967.966,13.69272,23.01246,7249.819
"2025-10-10 14:55:30",481,889.0994,5949.201,13.66374,23.15573,7231.434
"2025-10-10 14:57:00",482,889.0527,5947.302,13.66302,23.1756,7215.528
"2025-10-10 14:58:30",483,884.8773,5918.372,13.66374,23.18289,7193.255
"2025-10-10 15:00:00",484,882.0114,5901.818,13.66326,23.20452,7182.622
"2025-10-10 15:01:30",485,865.7209,5785.049,13.6635,23.14293,7034.979
"2025-10-10 15:03:00",486,880.3947,5890.202,13.66374,23.10165,7133.653
"2025-10-10 15:04:30",487,878.8749,5876.284,13.6635,23.04933,7115.982
"2025-10-10 15:06:00",488,876.7772,5863.93,13.56235,22.99646,7110.04
"2025-10-10 15:07:30",489,873.3568,5843.355,13.66278,22.98145,7096.524
"2025-10-10 15:09:00",490,873.0762,5839.871,13.66326,22.89535,7091.252
"2025-10-10 15:10:30",491,869.3651,5812.951,13.66471,22.85241,7069.471
"2025-10-10 15:12:00",492,867.9589,5803.345,13.66278,22.83519,7053.855
"2025-10-10 15:13:30",493,865.7977,5789.651,13.66447,22.77779,7038.687
"2025-10-10 15:15:00",494,862.6412,5770.014,13.66422,22.76356,7015.811
"2025-10-10 15:16:30",495,860.6069,5758.063,13.66447,22.70991,6996.621
"2025-10-10 15:18:00",496,859.2308,5742.179,13.66495,22.65704,6975.287
"2025-10-10 15:19:30",497,854.1201,5709.384,13.66447,22.66366,6939.275
