CHP1-090137
WRR 1.000000
2025 10 08 10:34:30 966.2785891089109
2025 10 08 10:36:00 967.1881188118812
2025 10 08 10:37:30 968.0397277227723
2025 10 08 10:39:00 968.3991336633663
2025 10 08 10:40:30 968.7972772277227
2025 10 08 10:42:00 968.8277227722772
2025 10 08 10:43:30 969.9335396039604
2025 10 08 10:45:00 970.2404702970297
2025 10 08 10:46:30 971.4487623762376
2025 10 08 10:48:00 971.9519801980198
2025 10 08 10:49:30 972.0653465346534
2025 10 08 10:51:00 972.3860148514851
2025 10 08 10:52:30 958.2633663366337
2025 10 08 10:54:00 961.4123762376238
2025 10 08 10:55:30 974.2826732673267
2025 10 08 10:57:00 974.3048267326733
2025 10 08 10:58:30 974.2080445544553
2025 10 08 11:00:00 975.2779702970297
2025 10 08 11:01:30 975.6926980198019
2025 10 08 11:03:00 975.7480198019801
2025 10 08 11:04:30 976.5138613861386
2025 10 08 11:06:00 976.5194306930694
2025 10 08 11:07:30 976.8981435643565
2025 10 08 11:09:00 977.600495049505
2025 10 08 11:10:30 978.0981435643565
2025 10 08 11:12:00 978.391212871287
2025 10 08 11:13:30 978.8391089108911
2025 10 08 11:15:00 978.8528465346535
2025 10 08 11:16:30 979.9007425742574
2025 10 08 11:18:00 980.5587871287129
2025 10 08 11:19:30 980.5865099009901
2025 10 08 11:21:00 980.5339108910891
2025 10 08 11:22:30 980.837995049505
2025 10 08 11:24:00 980.9376237623762
2025 10 08 11:25:30 981.0537128712871
2025 10 08 11:27:00 981.5513613861386
2025 10 08 11:28:30 981.6647277227722
2025 10 08 11:30:00 982.0573019801981
2025 10 08 11:31:30 978.3580445544554
2025 10 08 11:33:00 982.3946782178217
2025 10 08 11:34:30 982.9310643564356
2025 10 08 11:36:00 983.8075495049504
2025 10 08 11:37:30 983.4424504950496
2025 10 08 11:39:00 983.7273514851485
2025 10 08 11:40:30 984.4931930693069
2025 10 08 11:42:00 984.8387376237624
2025 10 08 11:43:30 984.9079207920792
2025 10 08 11:45:00 985.4414603960396
2025 10 08 11:46:30 985.347400990099
2025 10 08 11:48:00 985.7289603960395
2025 10 08 11:49:30 985.7013613861386
2025 10 08 11:51:00 986.0553217821782
2025 10 08 11:52:30 986.0580445544555
2025 10 08 11:54:00 985.6487623762376
2025 10 08 11:55:30 986.315099009901
2025 10 08 11:57:00 986.3096534653465
2025 10 08 11:58:30 986.4284653465346
2025 10 08 12:00:00 986.3289603960395
2025 10 08 12:01:30 985.9944306930693
2025 10 08 12:03:00 986.4035891089109
2025 10 08 12:04:30 986.2321782178218
2025 10 08 12:06:00 986.359405940594
2025 10 08 12:07:30 986.5225247524752
2025 10 08 12:09:00 986.8211633663367
2025 10 08 12:10:30 986.566707920792
2025 10 08 12:12:00 986.3399752475248
2025 10 08 12:13:30 986.6331683168316
2025 10 08 12:15:00 986.566707920792
2025 10 08 12:16:30 986.6027227722773
2025 10 08 12:18:00 986.7160891089109
2025 10 08 12:19:30 985.7539603960396
2025 10 08 12:21:00 986.3123762376238
2025 10 08 12:22:30 985.947400990099
2025 10 08 12:24:00 985.6930693069306
2025 10 08 12:25:30 985.6074257425742
2025 10 08 12:27:00 985.3972772277228
2025 10 08 12:28:30 985.0710396039603
2025 10 08 12:30:00 985.4443069306931
2025 10 08 12:31:30 985.7649752475247
2025 10 08 12:33:00 985.8644801980198
2025 10 08 12:34:30 917.9550742574257
2025 10 08 12:36:00 980.8601485148515
2025 10 08 12:37:30 985.2424504950495
2025 10 08 12:39:00 985.5935643564355
2025 10 08 12:40:30 985.0544554455445
2025 10 08 12:42:00 984.4654702970297
2025 10 08 12:43:30 983.7964108910891
2025 10 08 12:45:00 983.6028465346535
2025 10 08 12:46:30 983.3097772277227
2025 10 08 12:48:00 982.8314356435644
2025 10 08 12:49:30 982.4858910891089
2025 10 08 12:51:00 982.4056930693068
2025 10 08 12:52:30 982.4167079207921
2025 10 08 12:54:00 981.7310643564356
2025 10 08 12:55:30 980.7910891089109
2025 10 08 12:57:00 981.6647277227722
2025 10 08 12:58:30 980.4924504950495
2025 10 08 13:00:00 980.7163366336633
2025 10 08 13:01:30 979.5634900990099
2025 10 08 13:03:00 979.635396039604
2025 10 08 13:04:30 979.8371287128713
2025 10 08 13:06:00 979.4915841584159
2025 10 08 13:07:30 978.8944306930692
2025 10 08 13:09:00 978.3524752475247
2025 10 08 13:10:30 977.8438118811881
2025 10 08 13:12:00 977.5673267326732
2025 10 08 13:13:30 976.8649752475247
2025 10 08 13:15:00 976.6521039603961
2025 10 08 13:16:30 976.5138613861386
2025 10 08 13:18:00 974.9987623762376
2025 10 08 13:19:30 974.904702970297
2025 10 08 13:21:00 974.3019801980198
2025 10 08 13:22:30 973.7933168316831
2025 10 08 13:24:00 973.8928217821782
2025 10 08 13:25:30 960.6106435643565
2025 10 08 13:27:00 971.8690594059406
2025 10 08 13:28:30 972.0653465346534
2025 10 08 13:30:00 973.1269801980197
2025 10 08 13:31:30 971.0174504950495
2025 10 08 13:33:00 969.9225247524753
2025 10 08 13:34:30 969.679207920792
2025 10 08 13:36:00 969.059900990099
2025 10 08 13:37:30 967.3346534653466
2025 10 08 13:39:00 966.978094059406
2025 10 08 13:40:30 966.9559405940594
2025 10 08 13:42:00 952.5290841584159
2025 10 08 13:43:30 966.7982673267326
2025 10 08 13:45:00 965.8997524752475
2025 10 08 13:46:30 965.3689356435643
2025 10 08 13:48:00 964.0777227722772
2025 10 08 13:49:30 962.2944306930693
2025 10 08 13:51:00 961.5037128712871
2025 10 08 13:52:30 962.595792079208
2025 10 08 13:54:00 962.3331683168317
2025 10 08 13:55:30 961.2160891089109
2025 10 08 13:57:00 960.58849009901
2025 10 08 13:58:30 959.9581683168317
2025 10 08 14:00:00 959.1784653465347
2025 10 08 14:01:30 958.3158415841584
2025 10 08 14:03:00 957.2569306930693
2025 10 08 14:04:30 955.2330445544554
2025 10 08 14:06:00 954.4949257425743
2025 10 08 14:07:30 953.4138613861386
2025 10 08 14:09:00 952.4959158415842
2025 10 08 14:10:30 952.2360148514852
2025 10 08 14:12:00 951.3430693069307
2025 10 08 14:13:30 949.7476485148516
2025 10 08 14:15:00 948.7523514851484
2025 10 08 14:16:30 948.0362623762376
2025 10 08 14:18:00 947.475
2025 10 08 14:19:30 939.4930693069307
2025 10 08 14:21:00 943.0540841584159
2025 10 08 14:22:30 936.952103960396
2025 10 08 14:24:00 889.6157178217823
2025 10 08 14:25:30 940.634900990099
2025 10 08 14:27:00 916.2049504950495
2025 10 08 14:28:30 934.2232673267328
2025 10 08 14:30:00 934.3006188118812
2025 10 08 14:31:30 935.284900990099
2025 10 08 14:33:00 921.0764851485148
2025 10 08 14:34:30 932.3597772277227
2025 10 08 14:36:00 931.0382425742574
2025 10 08 14:37:30 929.9792079207921
2025 10 08 14:39:00 921.8451732673267
2025 10 08 14:40:30 916.7219059405941
2025 10 08 14:42:00 923.0727722772277
2025 10 08 14:43:30 918.718193069307
2025 10 08 14:45:00 919.204702970297
2025 10 08 14:46:30 918.9808168316831
2025 10 08 14:48:00 919.8351485148514
2025 10 08 14:49:30 915.0519801980198
2025 10 08 14:51:00 827.4184405940595
2025 10 08 14:52:30 867.8426980198019
2025 10 08 14:54:00 858.6248762376238
2025 10 08 14:55:30 886.1486386138614
2025 10 08 14:57:00 907.8662128712872
2025 10 08 14:58:30 905.2009900990099
2025 10 08 15:00:00 900.5146039603961
2025 10 08 15:01:30 898.9773514851485
2025 10 08 15:03:00 898.0096534653464
2025 10 08 15:04:30 895.1287128712871
2025 10 08 15:06:00 893.2183168316832
2025 10 08 15:07:30 893.3951732673268
2025 10 08 15:09:00 890.9318069306931
2025 10 08 15:10:30 890.4976485148514
2025 10 08 15:12:00 888.6397277227722
2025 10 08 15:13:30 887.5420792079208
2025 10 08 15:15:00 886.3172029702971
2025 10 08 15:16:30 884.575495049505
2025 10 08 15:18:00 857.4414603960397
