DR30D1-65086
WRR 1.000000
2025 10 02 15:34:24 892.97
2025 10 02 15:34:25 892.63
2025 10 02 15:34:26 892.4
2025 10 02 15:34:27 892.27
2025 10 02 15:34:28 892.6
2025 10 02 15:34:29 892.3
2025 10 02 15:34:30 892.63
2025 10 02 15:34:31 892.21
2025 10 02 15:34:32 892.55
2025 10 02 15:34:33 892.31
2025 10 02 15:34:34 892.97
2025 10 02 15:34:35 893.24
2025 10 02 15:34:36 892.49
2025 10 02 15:34:37 892.53
2025 10 02 15:34:38 892.45
2025 10 02 15:34:39 892.37
2025 10 02 15:34:40 892.16
2025 10 02 15:34:41 892.72
2025 10 02 15:34:42 892.64
2025 10 02 15:34:43 892.97
2025 10 02 15:34:44 893.26
2025 10 02 15:34:45 893.1
2025 10 02 15:34:46 892.88
2025 10 02 15:34:47 892.82
2025 10 02 15:34:48 892.48
2025 10 02 15:34:49 892.36
2025 10 02 15:34:50 892.18
2025 10 02 15:34:51 892.21
2025 10 02 15:34:52 892.4
2025 10 02 15:34:53 892.22
2025 10 02 15:34:54 892.07
2025 10 02 15:34:55 892.35
2025 10 02 15:34:56 891.9
2025 10 02 15:34:57 891.79
2025 10 02 15:34:58 892.04
2025 10 02 15:34:59 891.98
2025 10 02 15:35:16 893.84
2025 10 02 15:35:17 893.84
2025 10 02 15:35:18 893.77
2025 10 02 15:35:19 894.4
2025 10 02 15:35:20 894.65
2025 10 02 15:35:21 894.72
2025 10 02 15:35:22 894.83
2025 10 02 15:35:23 894.73
2025 10 02 15:35:24 894.31
2025 10 02 15:35:25 894.18
2025 10 02 15:35:26 894.27
2025 10 02 15:35:27 894.32
2025 10 02 15:35:28 894.19
2025 10 02 15:35:29 894.2
2025 10 02 15:35:30 894.17
2025 10 02 15:35:31 894.06
2025 10 02 15:35:32 894.22
2025 10 02 15:35:33 893.98
2025 10 02 15:35:34 894.04
2025 10 02 15:35:35 894.06
2025 10 02 15:35:36 893.98
2025 10 02 15:35:37 893.66
2025 10 02 15:35:38 893.91
2025 10 02 15:35:39 893.87
2025 10 02 15:35:40 893.88
2025 10 02 15:35:41 894.32
2025 10 02 15:35:42 894.23
2025 10 02 15:35:43 894.33
2025 10 02 15:35:44 894.58
2025 10 02 15:35:45 894.31
2025 10 02 15:35:46 894.46
2025 10 02 15:35:47 894.87
2025 10 02 15:35:48 894.75
2025 10 02 15:35:49 894.49
2025 10 02 15:35:50 894.85
2025 10 02 15:35:51 894.7
2025 10 02 15:35:52 894.59
2025 10 02 15:35:53 894.27
2025 10 02 15:35:54 894.3
2025 10 02 15:35:55 894.58
2025 10 02 15:35:56 894.9
2025 10 02 15:35:57 894.69
2025 10 02 15:35:58 895.05
2025 10 02 15:35:59 895.2
2025 10 02 15:36:00 894.77
2025 10 02 15:36:01 895.14
2025 10 02 15:36:02 894.71
2025 10 02 15:36:03 894.76
2025 10 02 15:36:04 894.86
2025 10 02 15:36:05 894.85
2025 10 02 15:36:06 894.85
2025 10 02 15:36:07 894.68
2025 10 02 15:36:08 895.13
2025 10 02 15:36:09 895.55
2025 10 02 15:36:10 895.66
2025 10 02 15:36:11 895.42
2025 10 02 15:36:12 895.2
2025 10 02 15:36:13 894.77
2025 10 02 15:36:14 894.89
2025 10 02 15:36:15 895.16
2025 10 02 15:36:16 895.02
2025 10 02 15:36:17 894.59
2025 10 02 15:36:18 894.77
2025 10 02 15:36:19 894.81
2025 10 02 15:36:20 894.81
2025 10 02 15:36:21 894.78
2025 10 02 15:36:22 894.73
2025 10 02 15:36:23 894.73
2025 10 02 15:36:24 895.19
2025 10 02 15:36:25 895.41
2025 10 02 15:36:26 895.19
2025 10 02 15:36:27 895.18
2025 10 02 15:36:28 894.45
2025 10 02 15:36:29 894.28
2025 10 02 15:36:30 894.14
2025 10 02 15:36:31 894.47
2025 10 02 15:36:32 894.57
2025 10 02 15:36:33 894.38
2025 10 02 15:36:34 895.08
2025 10 02 15:36:35 895.32
2025 10 02 15:36:36 895.0
2025 10 02 15:36:37 894.58
2025 10 02 15:36:38 894.68
2025 10 02 15:36:39 894.5
2025 10 02 15:36:40 894.55
2025 10 02 15:36:41 893.9
2025 10 02 15:36:42 893.9
2025 10 02 15:36:43 894.5
2025 10 02 15:36:44 894.21
2025 10 02 15:36:45 893.6
2025 10 02 15:36:46 893.47
2025 10 02 15:36:47 893.66
2025 10 02 15:36:48 893.6
2025 10 02 15:36:49 893.13
2025 10 02 15:36:50 893.19
2025 10 02 15:36:51 893.79
2025 10 02 15:36:52 893.67
2025 10 02 15:36:53 893.35
2025 10 02 15:36:54 893.61
2025 10 02 15:36:55 893.64
2025 10 02 15:36:56 893.95
2025 10 02 15:36:57 893.78
2025 10 02 15:36:58 893.73
2025 10 02 15:36:59 893.82
2025 10 02 15:37:00 893.63
2025 10 02 15:37:01 893.15
2025 10 02 15:37:02 892.75
2025 10 02 15:37:03 892.62
2025 10 02 15:37:04 893.39
2025 10 02 15:37:05 893.76
2025 10 02 15:37:06 893.45
2025 10 02 15:37:07 893.09
2025 10 02 15:37:08 893.19
2025 10 02 15:37:09 892.91
2025 10 02 15:37:10 892.95
2025 10 02 15:37:11 892.66
2025 10 02 15:37:12 892.8
2025 10 02 15:37:13 893.05
2025 10 02 15:37:14 893.29
2025 10 02 15:37:15 892.94
2025 10 02 15:37:16 892.81
2025 10 02 15:37:17 892.34
2025 10 02 15:37:18 892.13
2025 10 02 15:37:19 892.46
2025 10 02 15:37:20 892.29
2025 10 02 15:37:21 892.23
2025 10 02 15:37:22 891.84
2025 10 02 15:37:23 892.32
2025 10 02 15:37:24 891.98
2025 10 02 15:37:25 891.79
2025 10 02 15:37:26 891.74
2025 10 02 15:37:27 892.01
2025 10 02 15:37:28 892.12
2025 10 02 15:37:29 891.98
2025 10 02 15:37:30 891.5
2025 10 02 15:37:31 891.59
2025 10 02 15:37:32 891.58
2025 10 02 15:37:33 891.79
2025 10 02 15:37:34 891.26
2025 10 02 15:37:35 891.08
2025 10 02 15:37:36 891.34
2025 10 02 15:37:37 891.37
2025 10 02 15:37:38 891.1
2025 10 02 15:37:39 891.73
2025 10 02 15:37:40 891.67
2025 10 02 15:37:41 891.77
2025 10 02 15:37:42 892.25
2025 10 02 15:37:43 892.12
2025 10 02 15:37:44 891.61
2025 10 02 15:37:45 891.03
2025 10 02 15:37:46 891.56
2025 10 02 15:37:47 891.81
2025 10 02 15:37:48 891.67
2025 10 02 15:37:49 891.18
2025 10 02 15:37:50 891.36
2025 10 02 15:37:51 891.29
2025 10 02 15:37:52 891.97
2025 10 02 15:37:53 892.04
2025 10 02 15:37:54 892.67
2025 10 02 15:37:55 892.65
2025 10 02 15:37:56 892.14
2025 10 02 15:37:57 891.46
2025 10 02 15:37:58 891.48
2025 10 02 15:37:59 891.67
2025 10 02 15:38:00 892.06
2025 10 02 15:38:01 891.66
2025 10 02 15:38:02 892.14
2025 10 02 15:38:03 891.69
2025 10 02 15:38:04 891.81
2025 10 02 15:38:05 892.07
2025 10 02 15:38:06 891.82
2025 10 02 15:38:07 891.88
2025 10 02 15:38:08 891.89
2025 10 02 15:38:09 892.39
2025 10 02 15:38:10 892.26
2025 10 02 15:38:11 891.6
2025 10 02 15:38:12 891.69
2025 10 02 15:38:13 891.56
2025 10 02 15:38:14 891.41
2025 10 02 15:38:15 891.48
2025 10 02 15:38:16 891.28
2025 10 02 15:38:17 891.73
2025 10 02 15:38:18 891.72
2025 10 02 15:38:19 891.38
2025 10 02 15:38:20 891.6
2025 10 02 15:38:21 891.85
2025 10 02 15:38:22 891.26
2025 10 02 15:38:23 891.24
2025 10 02 15:38:24 891.26
2025 10 02 15:38:25 891.61
2025 10 02 15:38:26 891.56
2025 10 02 15:38:27 890.67
2025 10 02 15:38:28 890.75
2025 10 02 15:38:29 890.67
2025 10 02 15:38:30 890.58
2025 10 02 15:38:31 890.74
2025 10 02 15:38:32 891.06
2025 10 02 15:38:33 890.75
2025 10 02 15:38:34 890.59
2025 10 02 15:38:35 890.46
2025 10 02 15:38:36 890.15
2025 10 02 15:38:37 890.67
2025 10 02 15:38:38 890.55
2025 10 02 15:38:39 890.06
2025 10 02 15:38:40 890.29
2025 10 02 15:38:41 889.98
2025 10 02 15:38:42 889.17
2025 10 02 15:38:43 889.39
2025 10 02 15:38:44 889.04
2025 10 02 15:38:45 888.65
2025 10 02 15:38:46 888.59
2025 10 02 15:38:47 889.25
2025 10 02 15:38:48 889.63
2025 10 02 15:38:49 889.54
2025 10 02 15:38:50 889.9
2025 10 02 15:38:51 889.69
2025 10 02 15:38:52 889.2
2025 10 02 15:38:53 889.07
2025 10 02 15:38:54 889.51
2025 10 02 15:38:55 889.38
2025 10 02 15:38:56 888.64
2025 10 02 15:38:57 888.75
2025 10 02 15:38:58 889.16
2025 10 02 15:38:59 888.95
2025 10 02 15:39:00 889.07
2025 10 02 15:39:01 889.11
2025 10 02 15:39:02 888.88
2025 10 02 15:39:03 888.59
2025 10 02 15:39:04 888.34
2025 10 02 15:39:05 888.32
2025 10 02 15:39:06 888.36
2025 10 02 15:39:07 888.47
2025 10 02 15:39:08 888.34
2025 10 02 15:39:09 888.7
2025 10 02 15:39:10 888.66
2025 10 02 15:39:11 888.25
2025 10 02 15:39:12 888.52
2025 10 02 15:39:13 888.38
2025 10 02 15:39:14 888.07
2025 10 02 15:39:15 887.77
2025 10 02 15:39:16 887.87
2025 10 02 15:39:17 887.97
2025 10 02 15:39:18 887.92
2025 10 02 15:39:19 887.93
2025 10 02 15:39:20 888.13
2025 10 02 15:39:21 888.37
2025 10 02 15:39:22 888.07
2025 10 02 15:39:23 887.87
2025 10 02 15:39:24 887.89
2025 10 02 15:39:25 887.53
2025 10 02 15:39:26 887.64
2025 10 02 15:39:27 888.1
2025 10 02 15:39:28 888.17
2025 10 02 15:39:29 888.61
2025 10 02 15:39:30 888.3
2025 10 02 15:39:31 888.72
2025 10 02 15:39:32 888.87
2025 10 02 15:39:33 888.98
2025 10 02 15:39:34 888.95
2025 10 02 15:39:35 889.61
2025 10 02 15:39:36 889.49
2025 10 02 15:39:37 889.66
2025 10 02 15:39:38 889.17
2025 10 02 15:39:39 888.68
2025 10 02 15:39:40 888.1
2025 10 02 15:39:41 888.08
2025 10 02 15:39:42 889.0
2025 10 02 15:39:43 889.37
2025 10 02 15:39:44 889.13
2025 10 02 15:39:45 888.83
2025 10 02 15:39:46 889.2
2025 10 02 15:39:47 888.94
2025 10 02 15:39:48 889.33
2025 10 02 15:39:49 889.58
2025 10 02 15:39:50 889.56
2025 10 02 15:39:51 889.37
2025 10 02 15:39:52 889.35
2025 10 02 15:39:53 889.03
2025 10 02 15:39:54 889.09
2025 10 02 15:39:55 889.3
2025 10 02 15:39:56 888.96
2025 10 02 15:39:57 888.65
2025 10 02 15:39:58 888.83
2025 10 02 15:39:59 888.83
2025 10 02 15:40:00 888.82
2025 10 02 15:40:01 888.5
2025 10 02 15:40:02 888.5
2025 10 02 15:40:03 888.99
2025 10 02 15:40:04 888.04
2025 10 02 15:40:05 888.09
2025 10 02 15:40:06 888.65
2025 10 02 15:40:07 888.56
2025 10 02 15:40:08 888.07
2025 10 02 15:40:09 887.54
2025 10 02 15:40:10 888.11
2025 10 02 15:40:11 887.94
2025 10 02 15:40:12 888.15
2025 10 02 15:40:13 888.49
2025 10 02 15:40:14 888.62
2025 10 02 15:40:15 888.35
2025 10 02 15:40:16 887.88
2025 10 02 15:40:17 887.64
2025 10 02 15:40:18 887.4
2025 10 02 15:40:19 887.28
2025 10 02 15:40:20 887.94
2025 10 02 15:40:21 887.92
2025 10 02 15:40:22 887.46
2025 10 02 15:40:23 888.0
2025 10 02 15:40:24 888.02
2025 10 02 15:40:25 887.83
2025 10 02 15:40:26 887.63
2025 10 02 15:40:27 887.61
2025 10 02 15:40:28 887.43
2025 10 02 15:40:29 887.41
2025 10 02 15:40:30 887.63
2025 10 02 15:40:31 887.61
2025 10 02 15:40:32 887.7
2025 10 02 15:40:33 887.71
2025 10 02 15:40:34 887.46
2025 10 02 15:40:35 887.23
2025 10 02 15:40:36 886.96
2025 10 02 15:40:37 886.86
2025 10 02 15:40:38 886.87
2025 10 02 15:40:39 887.11
2025 10 02 15:40:40 886.91
2025 10 02 15:40:41 887.35
2025 10 02 15:40:42 887.45
2025 10 02 15:40:43 887.69
2025 10 02 15:40:44 887.93
2025 10 02 15:40:45 888.19
2025 10 02 15:40:46 887.77
2025 10 02 15:40:47 888.13
2025 10 02 15:40:48 887.33
2025 10 02 15:40:49 887.09
2025 10 02 15:40:50 887.01
2025 10 02 15:40:51 887.51
2025 10 02 15:40:52 887.19
2025 10 02 15:40:53 887.06
2025 10 02 15:40:54 887.34
2025 10 02 15:40:55 887.91
2025 10 02 15:40:56 887.77
2025 10 02 15:40:57 887.62
2025 10 02 15:40:58 887.25
2025 10 02 15:40:59 887.15
2025 10 02 15:41:00 886.85
2025 10 02 15:41:01 887.07
2025 10 02 15:41:02 887.5
2025 10 02 15:41:03 887.67
2025 10 02 15:41:04 887.31
2025 10 02 15:41:05 887.57
2025 10 02 15:41:06 887.13
2025 10 02 15:41:07 886.79
2025 10 02 15:41:08 886.91
2025 10 02 15:41:09 887.02
2025 10 02 15:41:10 887.44
2025 10 02 15:41:11 887.08
2025 10 02 15:41:12 887.89
2025 10 02 15:41:13 887.44
2025 10 02 15:41:14 887.18
2025 10 02 15:41:15 886.71
2025 10 02 15:41:16 887.39
2025 10 02 15:41:17 887.11
2025 10 02 15:41:18 887.31
2025 10 02 15:41:19 886.92
2025 10 02 15:41:20 887.04
2025 10 02 15:41:21 887.36
2025 10 02 15:41:22 887.32
2025 10 02 15:41:23 887.2
2025 10 02 15:41:24 887.25
2025 10 02 15:41:25 886.95
2025 10 02 15:41:26 887.16
2025 10 02 15:41:27 887.26
2025 10 02 15:41:28 886.85
2025 10 02 15:41:29 886.95
2025 10 02 15:41:30 887.48
2025 10 02 15:41:31 887.37
2025 10 02 15:41:32 887.23
2025 10 02 15:41:33 887.18
2025 10 02 15:41:34 887.21
2025 10 02 15:41:35 886.9
2025 10 02 15:41:36 886.69
2025 10 02 15:41:37 886.87
2025 10 02 15:41:38 886.57
2025 10 02 15:41:39 886.56
2025 10 02 15:41:40 886.73
2025 10 02 15:41:41 886.86
2025 10 02 15:41:42 886.68
2025 10 02 15:41:43 886.76
2025 10 02 15:41:44 886.29
2025 10 02 15:41:45 886.2
2025 10 02 15:41:46 886.08
2025 10 02 15:41:47 885.8
2025 10 02 15:41:48 885.91
2025 10 02 15:41:49 885.97
2025 10 02 15:41:50 885.93
2025 10 02 15:41:51 886.11
2025 10 02 15:41:52 885.78
2025 10 02 15:41:53 886.18
2025 10 02 15:41:54 886.4
2025 10 02 15:41:55 886.53
2025 10 02 15:41:56 886.02
2025 10 02 15:41:57 885.86
2025 10 02 15:41:58 885.56
2025 10 02 15:41:59 885.51
2025 10 02 15:42:00 885.66
2025 10 02 15:42:01 886.04
2025 10 02 15:42:02 885.98
2025 10 02 15:42:03 886.05
2025 10 02 15:42:04 885.87
2025 10 02 15:42:05 886.64
2025 10 02 15:42:06 886.72
2025 10 02 15:42:07 886.06
2025 10 02 15:42:08 885.9
2025 10 02 15:42:09 886.16
2025 10 02 15:42:10 886.12
2025 10 02 15:42:11 886.1
2025 10 02 15:42:12 886.06
2025 10 02 15:42:13 886.55
2025 10 02 15:42:14 886.92
2025 10 02 15:42:15 886.87
2025 10 02 15:42:16 886.91
2025 10 02 15:42:17 886.72
2025 10 02 15:42:18 886.29
2025 10 02 15:42:19 885.86
2025 10 02 15:42:20 886.16
2025 10 02 15:42:21 886.19
2025 10 02 15:42:22 886.34
2025 10 02 15:42:23 885.83
2025 10 02 15:42:24 885.8
2025 10 02 15:42:25 885.76
2025 10 02 15:42:26 885.72
2025 10 02 15:42:27 886.23
2025 10 02 15:42:28 886.69
2025 10 02 15:42:29 887.05
2025 10 02 15:42:30 886.34
2025 10 02 15:42:31 885.58
2025 10 02 15:42:32 885.57
2025 10 02 15:42:33 885.38
2025 10 02 15:42:34 885.83
2025 10 02 15:42:35 885.33
2025 10 02 15:42:36 885.65
2025 10 02 15:42:37 885.38
2025 10 02 15:42:38 885.32
2025 10 02 15:42:39 885.35
2025 10 02 15:42:40 885.4
2025 10 02 15:42:41 885.45
2025 10 02 15:42:42 885.34
2025 10 02 15:42:43 885.05
2025 10 02 15:42:44 884.62
2025 10 02 15:42:45 885.24
2025 10 02 15:42:46 885.41
2025 10 02 15:42:47 885.36
2025 10 02 15:42:48 885.12
2025 10 02 15:42:49 885.32
2025 10 02 15:42:50 884.94
2025 10 02 15:42:51 885.05
2025 10 02 15:42:52 885.37
2025 10 02 15:42:53 885.34
2025 10 02 15:42:54 885.24
2025 10 02 15:42:55 885.39
2025 10 02 15:42:56 885.32
2025 10 02 15:42:57 884.93
2025 10 02 15:42:58 884.57
2025 10 02 15:42:59 884.5
2025 10 02 15:43:00 884.54
2025 10 02 15:43:01 884.9
2025 10 02 15:43:02 884.66
2025 10 02 15:43:03 884.47
2025 10 02 15:43:04 884.44
2025 10 02 15:43:05 884.4
2025 10 02 15:43:06 884.87
2025 10 02 15:43:07 885.0
2025 10 02 15:43:08 884.79
2025 10 02 15:43:09 884.56
2025 10 02 15:43:10 884.25
2025 10 02 15:43:11 884.38
2025 10 02 15:43:12 884.52
2025 10 02 15:43:13 883.68
2025 10 02 15:43:14 883.38
2025 10 02 15:43:15 883.72
2025 10 02 15:43:16 883.83
2025 10 02 15:43:17 883.56
2025 10 02 15:43:18 883.26
2025 10 02 15:43:19 882.29
2025 10 02 15:43:20 882.77
2025 10 02 15:43:21 883.0
2025 10 02 15:43:22 882.74
2025 10 02 15:43:23 883.35
2025 10 02 15:43:24 884.18
2025 10 02 15:43:25 883.6
2025 10 02 15:43:26 883.38
2025 10 02 15:43:27 883.53
2025 10 02 15:43:28 883.5
2025 10 02 15:43:29 883.45
2025 10 02 15:43:30 883.43
2025 10 02 15:43:31 883.31
2025 10 02 15:43:32 883.21
2025 10 02 15:43:33 883.22
2025 10 02 15:43:34 883.21
2025 10 02 15:43:35 883.43
2025 10 02 15:43:36 883.61
2025 10 02 15:43:37 883.51
2025 10 02 15:43:38 882.91
2025 10 02 15:43:39 883.19
2025 10 02 15:43:40 882.85
2025 10 02 15:43:41 882.67
2025 10 02 15:43:42 882.62
2025 10 02 15:43:43 882.48
2025 10 02 15:43:44 882.68
2025 10 02 15:43:45 882.23
2025 10 02 15:43:46 882.41
2025 10 02 15:43:47 881.72
2025 10 02 15:43:49 881.66
2025 10 02 15:43:50 882.0
2025 10 02 15:43:51 882.08
2025 10 02 15:43:52 881.66
2025 10 02 15:43:53 881.83
2025 10 02 15:43:54 881.61
2025 10 02 15:43:55 881.71
2025 10 02 15:43:56 881.88
2025 10 02 15:43:57 882.24
2025 10 02 15:43:58 881.93
2025 10 02 15:43:59 882.02
2025 10 02 15:44:00 881.53
2025 10 02 15:44:01 880.66
2025 10 02 15:44:02 880.48
2025 10 02 15:44:03 880.51
2025 10 02 15:44:04 880.42
2025 10 02 15:44:05 879.8
2025 10 02 15:44:06 880.19
2025 10 02 15:44:07 879.93
2025 10 02 15:44:08 879.78
2025 10 02 15:44:09 879.95
2025 10 02 15:44:10 880.15
2025 10 02 15:44:11 880.35
2025 10 02 15:44:12 880.38
2025 10 02 15:44:13 879.61
2025 10 02 15:44:14 879.68
2025 10 02 15:44:15 880.03
2025 10 02 15:44:16 880.06
2025 10 02 15:44:17 880.19
2025 10 02 15:44:18 880.11
2025 10 02 15:44:19 880.12
2025 10 02 15:44:20 879.85
2025 10 02 15:44:21 879.79
2025 10 02 15:44:22 879.98
2025 10 02 15:44:23 879.97
2025 10 02 15:44:24 880.08
2025 10 02 15:44:25 880.13
2025 10 02 15:44:26 880.07
2025 10 02 15:44:27 879.86
2025 10 02 15:44:28 879.74
2025 10 02 15:44:29 879.52
2025 10 02 15:44:30 879.27
2025 10 02 15:44:31 879.32
2025 10 02 15:44:32 879.36
2025 10 02 15:44:33 879.49
2025 10 02 15:44:34 879.43
2025 10 02 15:44:35 879.53
2025 10 02 15:44:36 879.49
2025 10 02 15:44:37 879.17
2025 10 02 15:44:38 878.51
2025 10 02 15:44:39 878.2
2025 10 02 15:44:40 878.81
2025 10 02 15:44:41 878.73
2025 10 02 15:44:42 878.77
2025 10 02 15:44:43 879.12
2025 10 02 15:44:44 879.36
2025 10 02 15:44:45 879.6
2025 10 02 15:44:46 879.52
2025 10 02 15:44:47 879.02
2025 10 02 15:44:48 878.94
2025 10 02 15:44:49 879.11
2025 10 02 15:44:50 878.82
2025 10 02 15:44:51 878.5
2025 10 02 15:44:52 878.58
2025 10 02 15:44:53 878.82
2025 10 02 15:44:54 879.09
2025 10 02 15:44:55 879.12
2025 10 02 15:44:56 878.88
2025 10 02 15:44:57 878.91
2025 10 02 15:44:58 878.75
2025 10 02 15:44:59 878.52
2025 10 02 15:45:00 878.56
2025 10 02 15:45:01 878.49
2025 10 02 15:45:02 878.59
2025 10 02 15:45:03 878.16
2025 10 02 15:45:04 878.1
2025 10 02 15:45:05 878.31
2025 10 02 15:45:06 877.88
2025 10 02 15:45:07 877.9
2025 10 02 15:45:08 877.8
2025 10 02 15:45:09 877.89
2025 10 02 15:45:10 877.67
2025 10 02 15:45:11 878.02
2025 10 02 15:45:12 878.03
2025 10 02 15:45:13 877.65
2025 10 02 15:45:14 877.47
2025 10 02 15:45:15 877.07
2025 10 02 15:45:16 876.8
2025 10 02 15:45:17 876.88
2025 10 02 15:45:18 876.88
2025 10 02 15:45:19 876.56
2025 10 02 15:45:20 876.62
2025 10 02 15:45:21 875.95
2025 10 02 15:45:22 875.71
2025 10 02 15:45:23 875.5
2025 10 02 15:45:24 875.77
2025 10 02 15:45:25 876.07
2025 10 02 15:45:26 875.77
2025 10 02 15:45:27 875.56
2025 10 02 15:45:28 875.31
2025 10 02 15:45:29 874.97
2025 10 02 15:45:30 874.91
2025 10 02 15:45:31 875.54
2025 10 02 15:45:32 874.92
2025 10 02 15:45:33 874.7
2025 10 02 15:45:34 874.87
2025 10 02 15:45:35 874.69
2025 10 02 15:45:36 874.11
2025 10 02 15:45:37 874.24
2025 10 02 15:45:38 874.27
2025 10 02 15:45:39 873.98
2025 10 02 15:45:40 874.03
2025 10 02 15:45:41 874.59
2025 10 02 15:45:42 874.51
2025 10 02 15:45:43 874.18
2025 10 02 15:45:44 874.61
2025 10 02 15:45:45 874.29
2025 10 02 15:45:46 873.98
2025 10 02 15:45:47 873.59
2025 10 02 15:45:48 873.55
2025 10 02 15:45:49 873.51
2025 10 02 15:45:50 873.25
2025 10 02 15:45:51 873.7
2025 10 02 15:45:52 874.16
2025 10 02 15:45:53 874.07
2025 10 02 15:45:54 873.41
2025 10 02 15:45:55 873.6
2025 10 02 15:45:56 872.97
2025 10 02 15:45:57 872.94
2025 10 02 15:45:58 873.3
2025 10 02 15:45:59 873.81
2025 10 02 15:46:00 873.55
2025 10 02 15:46:01 873.43
2025 10 02 15:46:02 872.47
2025 10 02 15:46:03 872.38
2025 10 02 15:46:04 872.53
2025 10 02 15:46:05 871.69
2025 10 02 15:46:06 871.44
2025 10 02 15:46:07 871.93
2025 10 02 15:46:08 871.86
2025 10 02 15:46:09 872.07
2025 10 02 15:46:10 871.9
2025 10 02 15:46:11 871.88
2025 10 02 15:46:12 872.31
2025 10 02 15:46:13 872.39
2025 10 02 15:46:14 872.52
2025 10 02 15:46:15 872.37
2025 10 02 15:46:16 872.02
2025 10 02 15:46:17 871.66
2025 10 02 15:46:18 871.97
2025 10 02 15:46:19 872.16
2025 10 02 15:46:20 871.96
2025 10 02 15:46:21 871.63
2025 10 02 15:46:22 871.29
2025 10 02 15:46:23 871.12
2025 10 02 15:46:24 871.36
2025 10 02 15:46:25 871.39
2025 10 02 15:46:26 871.3
2025 10 02 15:46:27 871.23
2025 10 02 15:46:28 871.39
2025 10 02 15:46:29 871.63
2025 10 02 15:46:30 871.55
2025 10 02 15:46:31 871.28
2025 10 02 15:46:32 871.47
2025 10 02 15:46:33 871.47
2025 10 02 15:46:34 871.68
2025 10 02 15:46:35 871.55
2025 10 02 15:46:36 870.99
2025 10 02 15:46:37 871.03
2025 10 02 15:46:38 871.31
2025 10 02 15:46:39 871.19
2025 10 02 15:46:40 871.15
2025 10 02 15:46:41 870.96
2025 10 02 15:46:42 870.95
2025 10 02 15:46:43 870.55
2025 10 02 15:46:44 870.22
2025 10 02 15:46:45 870.54
2025 10 02 15:46:46 870.39
2025 10 02 15:46:47 870.67
2025 10 02 15:46:48 871.43
2025 10 02 15:46:49 871.61
2025 10 02 15:46:50 871.66
2025 10 02 15:46:51 871.69
2025 10 02 15:46:52 872.09
2025 10 02 15:46:53 871.44
2025 10 02 15:46:54 871.37
2025 10 02 15:46:55 871.4
2025 10 02 15:46:56 871.77
2025 10 02 15:46:57 871.48
2025 10 02 15:46:58 870.85
2025 10 02 15:46:59 870.73
2025 10 02 15:47:00 870.86
2025 10 02 15:47:01 871.2
2025 10 02 15:47:02 870.92
2025 10 02 15:47:03 871.16
2025 10 02 15:47:04 871.41
2025 10 02 15:47:05 871.18
2025 10 02 15:47:06 870.88
2025 10 02 15:47:07 870.61
2025 10 02 15:47:08 870.22
2025 10 02 15:47:09 870.2
2025 10 02 15:47:10 870.22
2025 10 02 15:47:11 870.12
2025 10 02 15:47:12 869.86
2025 10 02 15:47:13 870.07
2025 10 02 15:47:14 870.06
2025 10 02 15:47:15 870.1
2025 10 02 15:47:16 869.8
2025 10 02 15:47:17 869.38
2025 10 02 15:47:18 869.18
2025 10 02 15:47:19 869.77
2025 10 02 15:47:20 870.29
2025 10 02 15:47:21 870.1
2025 10 02 15:47:22 869.66
2025 10 02 15:47:23 869.28
2025 10 02 15:47:24 870.38
2025 10 02 15:47:25 869.89
2025 10 02 15:47:26 869.81
2025 10 02 15:47:27 869.87
2025 10 02 15:47:28 869.22
2025 10 02 15:47:29 869.32
2025 10 02 15:47:30 869.86
2025 10 02 15:47:31 869.54
2025 10 02 15:47:32 869.19
2025 10 02 15:47:33 869.36
2025 10 02 15:47:34 869.78
2025 10 02 15:47:35 869.7
2025 10 02 15:47:36 869.72
2025 10 02 15:47:37 869.33
2025 10 02 15:47:38 868.79
2025 10 02 15:47:39 869.15
2025 10 02 15:47:40 869.49
2025 10 02 15:47:41 869.13
2025 10 02 15:47:42 869.25
2025 10 02 15:47:43 869.35
2025 10 02 15:47:44 869.65
2025 10 02 15:47:45 869.61
2025 10 02 15:47:46 869.71
2025 10 02 15:47:47 869.45
2025 10 02 15:47:48 869.34
2025 10 02 15:47:49 869.12
2025 10 02 15:47:50 869.27
2025 10 02 15:47:51 869.22
2025 10 02 15:47:52 869.47
2025 10 02 15:47:53 869.58
2025 10 02 15:47:54 869.29
2025 10 02 15:47:55 868.94
2025 10 02 15:47:56 868.98
2025 10 02 15:47:57 868.61
2025 10 02 15:47:58 868.87
2025 10 02 15:47:59 869.04
2025 10 02 15:48:00 869.56
2025 10 02 15:48:01 869.26
2025 10 02 15:48:02 869.06
2025 10 02 15:48:03 868.89
2025 10 02 15:48:04 869.39
2025 10 02 15:48:05 869.51
2025 10 02 15:48:06 869.6
2025 10 02 15:48:07 869.47
2025 10 02 15:48:08 869.88
2025 10 02 15:48:10 869.54
2025 10 02 15:48:11 868.83
2025 10 02 15:48:12 868.33
2025 10 02 15:48:13 868.13
2025 10 02 15:48:14 868.23
2025 10 02 15:48:15 868.43
2025 10 02 15:48:16 868.53
2025 10 02 15:48:17 868.28
2025 10 02 15:48:18 867.94
2025 10 02 15:48:19 868.07
2025 10 02 15:48:20 867.76
2025 10 02 15:48:21 867.79
2025 10 02 15:48:22 867.45
2025 10 02 15:48:23 867.82
2025 10 02 15:48:24 868.0
2025 10 02 15:48:25 867.77
2025 10 02 15:48:26 867.77
2025 10 02 15:48:27 867.99
2025 10 02 15:48:28 867.55
2025 10 02 15:48:29 868.05
2025 10 02 15:48:30 868.65
2025 10 02 15:48:31 868.73
2025 10 02 15:48:32 868.32
2025 10 02 15:48:33 868.19
2025 10 02 15:48:34 867.8
2025 10 02 15:48:35 867.87
2025 10 02 15:48:36 867.84
2025 10 02 15:48:37 867.74
2025 10 02 15:48:38 868.33
2025 10 02 15:48:39 868.41
2025 10 02 15:48:40 868.27
2025 10 02 15:48:41 868.2
2025 10 02 15:48:42 867.23
2025 10 02 15:48:43 867.04
2025 10 02 15:48:44 867.48
2025 10 02 15:48:45 868.03
2025 10 02 15:48:46 867.84
2025 10 02 15:48:47 867.28
2025 10 02 15:48:48 867.04
2025 10 02 15:48:49 866.92
2025 10 02 15:48:50 867.26
2025 10 02 15:48:51 866.91
2025 10 02 15:48:52 867.44
2025 10 02 15:48:53 868.08
2025 10 02 15:48:54 867.98
2025 10 02 15:48:55 867.94
2025 10 02 15:48:56 867.7
2025 10 02 15:48:57 867.38
2025 10 02 15:48:58 867.65
2025 10 02 15:48:59 867.1
2025 10 02 15:49:00 867.2
2025 10 02 15:49:01 867.4
2025 10 02 15:49:02 867.34
2025 10 02 15:49:03 867.56
2025 10 02 15:49:04 867.49
2025 10 02 15:49:05 867.73
2025 10 02 15:49:06 868.09
2025 10 02 15:49:07 867.71
2025 10 02 15:49:08 867.87
2025 10 02 15:49:09 868.53
2025 10 02 15:49:10 868.05
2025 10 02 15:49:11 867.64
2025 10 02 15:49:12 867.61
2025 10 02 15:49:13 868.07
2025 10 02 15:49:14 867.63
2025 10 02 15:49:15 867.34
2025 10 02 15:49:16 867.45
2025 10 02 15:49:17 868.2
2025 10 02 15:49:18 868.74
2025 10 02 15:49:19 869.28
2025 10 02 15:49:20 868.86
2025 10 02 15:49:21 868.35
2025 10 02 15:49:22 868.13
2025 10 02 15:49:23 867.95
2025 10 02 15:49:24 867.49
2025 10 02 15:49:25 867.94
2025 10 02 15:49:26 868.17
2025 10 02 15:49:27 868.32
2025 10 02 15:49:28 868.31
2025 10 02 15:49:29 868.33
2025 10 02 15:49:30 867.82
2025 10 02 15:49:31 868.14
2025 10 02 15:49:32 868.48
2025 10 02 15:49:33 868.63
2025 10 02 15:49:34 868.69
2025 10 02 15:49:35 868.56
2025 10 02 15:49:36 868.68
2025 10 02 15:49:37 868.26
2025 10 02 15:49:38 868.2
2025 10 02 15:49:39 868.28
2025 10 02 15:49:40 868.68
2025 10 02 15:49:41 868.43
2025 10 02 15:49:42 868.6
2025 10 02 15:49:43 868.35
2025 10 02 15:49:44 868.46
2025 10 02 15:49:45 868.34
2025 10 02 15:49:46 868.43
2025 10 02 15:49:47 868.15
2025 10 02 15:49:48 868.08
2025 10 02 15:49:49 867.86
2025 10 02 15:49:50 867.41
2025 10 02 15:49:51 867.12
2025 10 02 15:49:52 867.4
2025 10 02 15:49:53 867.54
2025 10 02 15:49:54 867.69
2025 10 02 15:49:55 867.7
2025 10 02 15:49:56 867.46
2025 10 02 15:49:57 867.73
2025 10 02 15:49:58 867.53
2025 10 02 15:49:59 867.44
2025 10 02 15:50:00 867.75
2025 10 02 15:50:01 867.47
2025 10 02 15:50:02 867.75
2025 10 02 15:50:03 867.44
2025 10 02 15:50:04 867.35
2025 10 02 15:50:05 867.34
2025 10 02 15:50:06 867.27
2025 10 02 15:50:07 867.28
2025 10 02 15:50:08 867.31
2025 10 02 15:50:09 867.08
2025 10 02 15:50:10 867.06
2025 10 02 15:50:11 866.68
2025 10 02 15:50:12 866.9
2025 10 02 15:50:13 866.94
2025 10 02 15:50:14 866.85
2025 10 02 15:50:15 866.63
2025 10 02 15:50:16 866.84
2025 10 02 15:50:17 866.6
2025 10 02 15:50:18 866.41
2025 10 02 15:50:19 866.25
2025 10 02 15:50:20 866.68
2025 10 02 15:50:21 866.85
2025 10 02 15:50:22 866.61
2025 10 02 15:50:23 866.44
2025 10 02 15:50:24 866.76
2025 10 02 15:50:25 866.69
2025 10 02 15:50:26 866.45
2025 10 02 15:50:27 866.69
2025 10 02 15:50:28 866.86
2025 10 02 15:50:29 866.57
2025 10 02 15:50:30 866.28
2025 10 02 15:50:31 866.44
2025 10 02 15:50:32 866.78
2025 10 02 15:50:33 866.88
2025 10 02 15:50:34 866.11
2025 10 02 15:50:35 865.86
2025 10 02 15:50:36 866.2
2025 10 02 15:50:37 865.58
2025 10 02 15:50:38 865.78
2025 10 02 15:50:39 865.77
2025 10 02 15:50:40 865.66
2025 10 02 15:50:41 865.59
2025 10 02 15:50:42 865.29
2025 10 02 15:50:43 865.0
2025 10 02 15:50:44 864.9
2025 10 02 15:50:45 864.99
2025 10 02 15:50:46 865.19
2025 10 02 15:50:47 865.19
2025 10 02 15:50:48 865.32
2025 10 02 15:50:49 865.35
2025 10 02 15:50:50 865.09
2025 10 02 15:50:51 864.45
2025 10 02 15:50:52 864.06
2025 10 02 15:50:53 864.22
2025 10 02 15:50:54 864.56
2025 10 02 15:50:55 864.66
2025 10 02 15:50:56 864.73
2025 10 02 15:50:57 864.43
2025 10 02 15:50:58 864.23
2025 10 02 15:50:59 864.63
2025 10 02 15:51:00 864.4
2025 10 02 15:51:01 863.65
2025 10 02 15:51:02 863.7
2025 10 02 15:51:03 864.03
2025 10 02 15:51:04 863.83
2025 10 02 15:51:05 863.49
2025 10 02 15:51:06 863.44
2025 10 02 15:51:07 863.55
2025 10 02 15:51:08 863.39
2025 10 02 15:51:09 863.25
2025 10 02 15:51:10 863.26
2025 10 02 15:51:11 863.11
2025 10 02 15:51:12 862.96
2025 10 02 15:51:13 862.66
2025 10 02 15:51:14 862.6
2025 10 02 15:51:15 862.63
2025 10 02 15:51:16 862.8
2025 10 02 15:51:17 862.93
2025 10 02 15:51:18 862.97
2025 10 02 15:51:19 862.6
2025 10 02 15:51:20 862.73
2025 10 02 15:51:21 862.54
2025 10 02 15:51:22 863.16
2025 10 02 15:51:23 862.65
2025 10 02 15:51:24 862.17
2025 10 02 15:51:25 861.9
2025 10 02 15:51:26 861.59
2025 10 02 15:51:27 861.52
2025 10 02 15:51:28 861.65
2025 10 02 15:51:29 861.67
2025 10 02 15:51:30 861.18
2025 10 02 15:51:31 861.13
2025 10 02 15:51:32 860.88
2025 10 02 15:51:33 861.18
2025 10 02 15:51:34 861.14
2025 10 02 15:51:35 861.01
2025 10 02 15:51:36 860.8
2025 10 02 15:51:37 860.88
2025 10 02 15:51:38 861.05
2025 10 02 15:51:39 860.79
2025 10 02 15:51:40 860.91
2025 10 02 15:51:41 861.18
2025 10 02 15:51:42 861.03
2025 10 02 15:51:43 860.99
2025 10 02 15:51:44 860.67
2025 10 02 15:51:45 860.94
2025 10 02 15:51:46 860.7
2025 10 02 15:51:47 860.75
2025 10 02 15:51:48 861.09
2025 10 02 15:51:49 861.04
2025 10 02 15:51:50 861.01
2025 10 02 15:51:51 861.03
2025 10 02 15:51:52 860.9
2025 10 02 15:51:53 860.97
2025 10 02 15:51:54 860.69
2025 10 02 15:51:55 860.76
2025 10 02 15:51:56 860.96
2025 10 02 15:51:57 860.97
2025 10 02 15:51:58 860.65
2025 10 02 15:51:59 860.36
2025 10 02 15:52:00 860.19
2025 10 02 15:52:01 860.2
2025 10 02 15:52:02 860.2
2025 10 02 15:52:03 860.27
2025 10 02 15:52:04 860.12
2025 10 02 15:52:05 859.56
2025 10 02 15:52:06 859.7
2025 10 02 15:52:07 859.52
2025 10 02 15:52:08 859.46
2025 10 02 15:52:09 859.62
2025 10 02 15:52:10 859.76
2025 10 02 15:52:11 860.01
2025 10 02 15:52:12 859.75
2025 10 02 15:52:13 859.55
2025 10 02 15:52:14 859.45
2025 10 02 15:52:15 859.46
2025 10 02 15:52:16 859.71
2025 10 02 15:52:17 860.01
2025 10 02 15:52:18 860.18
2025 10 02 15:52:19 859.67
2025 10 02 15:52:20 859.52
2025 10 02 15:52:21 859.24
2025 10 02 15:52:22 859.02
2025 10 02 15:52:23 858.77
2025 10 02 15:52:24 859.12
2025 10 02 15:52:25 859.16
2025 10 02 15:52:26 859.31
2025 10 02 15:52:27 859.69
2025 10 02 15:52:28 859.62
2025 10 02 15:52:29 859.2
2025 10 02 15:52:30 858.88
2025 10 02 15:52:31 859.16
2025 10 02 15:52:32 859.04
2025 10 02 15:52:33 859.05
2025 10 02 15:52:34 858.74
2025 10 02 15:52:35 858.93
2025 10 02 15:52:36 858.72
2025 10 02 15:52:37 858.33
2025 10 02 15:52:38 857.36
2025 10 02 15:52:39 857.69
2025 10 02 15:52:40 858.22
2025 10 02 15:52:41 858.35
2025 10 02 15:52:42 858.6
2025 10 02 15:52:43 858.31
2025 10 02 15:52:44 858.05
2025 10 02 15:52:45 858.12
2025 10 02 15:52:46 858.29
2025 10 02 15:52:47 858.32
2025 10 02 15:52:48 857.97
2025 10 02 15:52:49 857.34
2025 10 02 15:52:50 857.19
2025 10 02 15:52:51 857.73
2025 10 02 15:52:52 857.71
2025 10 02 15:52:53 857.99
2025 10 02 15:52:54 858.03
2025 10 02 15:52:55 858.29
2025 10 02 15:52:56 858.23
2025 10 02 15:52:57 858.22
2025 10 02 15:52:58 858.2
2025 10 02 15:52:59 858.18
2025 10 02 15:53:00 858.19
2025 10 02 15:53:01 857.9
2025 10 02 15:53:02 857.99
2025 10 02 15:53:03 857.55
2025 10 02 15:53:04 857.97
2025 10 02 15:53:05 858.01
2025 10 02 15:53:06 857.71
2025 10 02 15:53:07 857.82
2025 10 02 15:53:08 857.41
2025 10 02 15:53:09 857.6
2025 10 02 15:53:10 857.23
2025 10 02 15:53:12 856.91
2025 10 02 15:53:13 856.86
2025 10 02 15:53:14 856.99
2025 10 02 15:53:15 857.61
2025 10 02 15:53:16 857.44
2025 10 02 15:53:17 857.13
2025 10 02 15:53:18 856.33
2025 10 02 15:53:19 856.35
2025 10 02 15:53:20 856.81
2025 10 02 15:53:21 856.33
2025 10 02 15:53:22 856.09
2025 10 02 15:53:23 855.72
2025 10 02 15:53:24 855.31
2025 10 02 15:53:25 855.58
2025 10 02 15:53:26 856.2
2025 10 02 15:53:27 855.72
2025 10 02 15:53:28 856.12
2025 10 02 15:53:29 856.39
2025 10 02 15:53:30 855.85
2025 10 02 15:53:31 855.65
2025 10 02 15:53:32 855.16
2025 10 02 15:53:33 854.9
2025 10 02 15:53:34 855.03
2025 10 02 15:53:35 855.14
2025 10 02 15:53:36 855.29
2025 10 02 15:53:37 855.22
2025 10 02 15:53:38 855.06
2025 10 02 15:53:39 855.07
2025 10 02 15:53:40 855.22
2025 10 02 15:53:41 855.51
2025 10 02 15:53:42 855.46
2025 10 02 15:53:43 854.9
2025 10 02 15:53:44 854.37
2025 10 02 15:53:45 854.29
2025 10 02 15:53:46 854.6
2025 10 02 15:53:47 854.26
2025 10 02 15:53:48 854.17
2025 10 02 15:53:49 853.63
2025 10 02 15:53:50 853.61
2025 10 02 15:53:51 853.83
2025 10 02 15:53:52 853.65
2025 10 02 15:53:53 853.71
2025 10 02 15:53:54 853.79
2025 10 02 15:53:55 853.66
2025 10 02 15:53:56 852.87
2025 10 02 15:53:57 852.82
2025 10 02 15:53:58 852.79
2025 10 02 15:53:59 852.91
2025 10 02 15:54:00 853.27
2025 10 02 15:54:01 853.07
2025 10 02 15:54:02 852.89
2025 10 02 15:54:03 853.13
2025 10 02 15:54:04 852.74
2025 10 02 15:54:05 852.17
2025 10 02 15:54:06 852.52
2025 10 02 15:54:07 852.76
2025 10 02 15:54:08 852.69
2025 10 02 15:54:09 852.51
2025 10 02 15:54:10 852.47
2025 10 02 15:54:11 852.77
2025 10 02 15:54:12 853.07
2025 10 02 15:54:13 852.86
2025 10 02 15:54:14 852.36
2025 10 02 15:54:15 851.98
2025 10 02 15:54:16 852.44
2025 10 02 15:54:17 852.86
2025 10 02 15:54:18 852.93
2025 10 02 15:54:19 852.8
2025 10 02 15:54:20 852.92
2025 10 02 15:54:21 852.89
2025 10 02 15:54:22 853.02
2025 10 02 15:54:23 852.71
2025 10 02 15:54:24 852.52
2025 10 02 15:54:25 852.82
2025 10 02 15:54:26 852.85
2025 10 02 15:54:27 852.83
2025 10 02 15:54:28 852.57
2025 10 02 15:54:29 852.83
2025 10 02 15:54:30 852.34
2025 10 02 15:54:31 852.6
2025 10 02 15:54:32 852.64
2025 10 02 15:54:33 852.92
2025 10 02 15:54:34 853.23
2025 10 02 15:54:35 853.44
2025 10 02 15:54:36 853.09
2025 10 02 15:54:37 853.4
2025 10 02 15:54:38 853.42
2025 10 02 15:54:39 853.44
2025 10 02 15:54:40 853.17
2025 10 02 15:54:41 853.36
2025 10 02 15:54:42 853.34
2025 10 02 15:54:43 853.18
2025 10 02 15:54:44 852.93
2025 10 02 15:54:45 853.04
2025 10 02 15:54:46 853.22
2025 10 02 15:54:47 853.17
2025 10 02 15:54:48 852.97
2025 10 02 15:54:49 852.81
2025 10 02 15:54:50 852.74
2025 10 02 15:54:51 852.78
2025 10 02 15:54:52 852.67
2025 10 02 15:54:53 852.86
2025 10 02 15:54:54 853.01
2025 10 02 15:54:55 853.3
2025 10 02 15:54:56 853.37
2025 10 02 15:54:57 853.93
2025 10 02 15:54:58 853.57
2025 10 02 15:54:59 853.42
2025 10 02 15:55:00 853.88
2025 10 02 15:55:01 853.55
2025 10 02 15:55:02 853.44
2025 10 02 15:55:03 853.58
2025 10 02 15:55:04 853.59
2025 10 02 15:55:05 853.55
2025 10 02 15:55:06 853.55
2025 10 02 15:55:07 853.77
2025 10 02 15:55:08 853.74
2025 10 02 15:55:09 853.62
2025 10 02 15:55:10 853.65
2025 10 02 15:55:11 853.46
2025 10 02 15:55:12 853.13
2025 10 02 15:55:13 853.48
2025 10 02 15:55:14 853.48
2025 10 02 15:55:15 853.07
2025 10 02 15:55:16 852.99
2025 10 02 15:55:17 853.4
2025 10 02 15:55:18 853.72
2025 10 02 15:55:19 853.49
2025 10 02 15:55:20 853.73
2025 10 02 15:55:21 853.66
2025 10 02 15:55:22 853.5
2025 10 02 15:55:23 853.23
2025 10 02 15:55:24 852.97
2025 10 02 15:55:25 852.76
2025 10 02 15:55:26 852.67
2025 10 02 15:55:27 853.02
2025 10 02 15:55:28 852.18
2025 10 02 15:55:29 852.29
2025 10 02 15:55:30 852.6
2025 10 02 15:55:31 853.26
2025 10 02 15:55:32 853.02
2025 10 02 15:55:33 852.48
2025 10 02 15:55:34 852.61
2025 10 02 15:55:35 852.65
2025 10 02 15:55:36 852.69
2025 10 02 15:55:37 853.01
2025 10 02 15:55:38 852.9
2025 10 02 15:55:39 853.23
2025 10 02 15:55:40 852.58
2025 10 02 15:55:41 852.64
2025 10 02 15:55:42 852.49
2025 10 02 15:55:43 853.23
2025 10 02 15:55:44 853.21
2025 10 02 15:55:45 852.83
2025 10 02 15:55:46 852.58
2025 10 02 15:55:47 852.47
2025 10 02 15:55:48 852.51
2025 10 02 15:55:49 852.19
2025 10 02 15:55:50 851.95
2025 10 02 15:55:51 852.1
2025 10 02 15:55:52 851.7
2025 10 02 15:55:53 851.8
2025 10 02 15:55:54 851.64
2025 10 02 15:55:55 851.53
2025 10 02 15:55:56 851.28
2025 10 02 15:55:57 851.06
2025 10 02 15:55:58 851.19
2025 10 02 15:55:59 850.5
2025 10 02 15:56:00 850.35
2025 10 02 15:56:01 850.3
2025 10 02 15:56:02 850.5
2025 10 02 15:56:03 850.72
2025 10 02 15:56:04 851.18
2025 10 02 15:56:05 851.04
2025 10 02 15:56:06 850.96
2025 10 02 15:56:07 850.56
2025 10 02 15:56:08 851.01
2025 10 02 15:56:09 850.88
2025 10 02 15:56:10 850.99
2025 10 02 15:56:11 850.9
2025 10 02 15:56:12 850.53
2025 10 02 15:56:13 850.67
2025 10 02 15:56:14 850.78
2025 10 02 15:56:15 850.88
2025 10 02 15:56:16 850.61
2025 10 02 15:56:17 850.52
2025 10 02 15:56:18 850.72
2025 10 02 15:56:19 850.95
2025 10 02 15:56:20 850.6
2025 10 02 15:56:21 850.92
2025 10 02 15:56:22 849.88
2025 10 02 15:56:23 849.66
2025 10 02 15:56:24 849.89
2025 10 02 15:56:25 850.3
2025 10 02 15:56:26 850.06
2025 10 02 15:56:27 849.96
2025 10 02 15:56:28 850.14
2025 10 02 15:56:29 849.83
2025 10 02 15:56:30 849.62
2025 10 02 15:56:31 850.1
2025 10 02 15:56:32 849.68
2025 10 02 15:56:33 849.78
2025 10 02 15:56:34 849.64
2025 10 02 15:56:35 849.66
2025 10 02 15:56:36 850.36
2025 10 02 15:56:37 850.4
2025 10 02 15:56:38 850.44
2025 10 02 15:56:39 850.48
2025 10 02 15:56:40 850.2
2025 10 02 15:56:41 850.8
2025 10 02 15:56:42 850.43
2025 10 02 15:56:43 849.8
2025 10 02 15:56:44 849.36
2025 10 02 15:56:45 849.52
2025 10 02 15:56:46 849.74
2025 10 02 15:56:47 850.19
2025 10 02 15:56:48 850.14
2025 10 02 15:56:49 850.14
2025 10 02 15:56:50 850.29
2025 10 02 15:56:51 849.64
2025 10 02 15:56:52 849.13
2025 10 02 15:56:53 849.89
2025 10 02 15:56:54 850.18
2025 10 02 15:56:55 850.36
2025 10 02 15:56:56 850.2
2025 10 02 15:56:57 849.59
2025 10 02 15:56:58 849.97
2025 10 02 15:56:59 850.23
2025 10 02 15:57:00 849.95
2025 10 02 15:57:01 849.54
2025 10 02 15:57:02 849.45
2025 10 02 15:57:03 849.74
2025 10 02 15:57:04 849.49
2025 10 02 15:57:05 849.4
2025 10 02 15:57:06 849.69
2025 10 02 15:57:07 849.97
2025 10 02 15:57:08 849.92
2025 10 02 15:57:09 849.63
2025 10 02 15:57:10 848.98
2025 10 02 15:57:11 848.88
2025 10 02 15:57:12 849.06
2025 10 02 15:57:13 848.93
2025 10 02 15:57:14 849.16
2025 10 02 15:57:15 849.41
2025 10 02 15:57:16 848.87
2025 10 02 15:57:17 848.64
2025 10 02 15:57:18 848.69
2025 10 02 15:57:19 848.26
2025 10 02 15:57:20 848.0
2025 10 02 15:57:21 848.59
2025 10 02 15:57:22 848.83
2025 10 02 15:57:23 848.77
2025 10 02 15:57:24 848.98
2025 10 02 15:57:25 848.81
2025 10 02 15:57:26 848.42
2025 10 02 15:57:27 848.03
2025 10 02 15:57:28 848.25
2025 10 02 15:57:29 848.09
2025 10 02 15:57:30 847.83
2025 10 02 15:57:31 848.37
2025 10 02 15:57:32 848.29
2025 10 02 15:57:33 848.56
2025 10 02 15:57:34 848.56
2025 10 02 15:57:35 848.47
2025 10 02 15:57:36 848.51
2025 10 02 15:57:37 848.75
2025 10 02 15:57:38 848.39
2025 10 02 15:57:40 848.06
2025 10 02 15:57:41 847.95
2025 10 02 15:57:42 847.54
2025 10 02 15:57:43 847.63
2025 10 02 15:57:44 847.59
2025 10 02 15:57:45 847.57
2025 10 02 15:57:46 847.35
2025 10 02 15:57:47 847.32
2025 10 02 15:57:48 847.38
2025 10 02 15:57:49 846.92
2025 10 02 15:57:50 847.32
2025 10 02 15:57:51 847.55
2025 10 02 15:57:52 847.55
2025 10 02 15:57:53 847.28
2025 10 02 15:57:54 847.32
2025 10 02 15:57:55 847.18
2025 10 02 15:57:56 847.04
2025 10 02 15:57:57 847.51
2025 10 02 15:57:58 847.17
2025 10 02 15:57:59 847.65
2025 10 02 15:58:00 847.51
2025 10 02 15:58:01 846.92
2025 10 02 15:58:02 846.78
2025 10 02 15:58:03 846.62
2025 10 02 15:58:04 846.09
2025 10 02 15:58:05 846.17
2025 10 02 15:58:06 846.48
2025 10 02 15:58:07 846.24
2025 10 02 15:58:08 846.64
2025 10 02 15:58:09 846.87
2025 10 02 15:58:10 846.5
2025 10 02 15:58:11 846.84
2025 10 02 15:58:12 846.95
2025 10 02 15:58:13 846.47
2025 10 02 15:58:14 846.6
2025 10 02 15:58:15 846.77
2025 10 02 15:58:16 846.94
2025 10 02 15:58:17 846.87
2025 10 02 15:58:18 847.25
2025 10 02 15:58:19 846.66
2025 10 02 15:58:20 846.61
2025 10 02 15:58:21 846.65
2025 10 02 15:58:22 846.81
2025 10 02 15:58:23 847.15
2025 10 02 15:58:24 847.75
2025 10 02 15:58:25 847.32
2025 10 02 15:58:26 847.51
2025 10 02 15:58:27 847.29
2025 10 02 15:58:28 847.23
2025 10 02 15:58:29 847.21
2025 10 02 15:58:30 847.19
2025 10 02 15:58:31 846.76
2025 10 02 15:58:32 846.55
2025 10 02 15:58:33 846.57
2025 10 02 15:58:34 846.78
2025 10 02 15:58:35 846.69
2025 10 02 15:58:36 846.67
2025 10 02 15:58:37 847.06
2025 10 02 15:58:38 846.85
2025 10 02 15:58:39 846.78
2025 10 02 15:58:40 846.06
2025 10 02 15:58:41 845.99
2025 10 02 15:58:42 846.1
2025 10 02 15:58:43 846.49
2025 10 02 15:58:44 846.31
2025 10 02 15:58:45 846.3
2025 10 02 15:58:46 846.29
2025 10 02 15:58:47 846.59
2025 10 02 15:58:48 846.91
2025 10 02 15:58:49 846.98
2025 10 02 15:58:50 846.69
2025 10 02 15:58:51 846.12
2025 10 02 15:58:52 845.95
2025 10 02 15:58:53 846.06
2025 10 02 15:58:54 845.98
2025 10 02 15:58:55 845.76
2025 10 02 15:58:56 845.96
2025 10 02 15:58:57 846.29
2025 10 02 15:58:58 845.97
2025 10 02 15:58:59 845.51
2025 10 02 15:59:00 845.71
2025 10 02 15:59:01 845.84
2025 10 02 15:59:02 845.84
2025 10 02 15:59:03 845.74
2025 10 02 15:59:04 845.84
2025 10 02 15:59:05 845.7
2025 10 02 15:59:06 846.07
2025 10 02 15:59:07 846.04
2025 10 02 15:59:08 846.04
2025 10 02 15:59:09 845.82
2025 10 02 15:59:10 845.51
2025 10 02 15:59:11 845.87
2025 10 02 15:59:12 846.22
2025 10 02 15:59:13 846.42
2025 10 02 15:59:14 845.91
2025 10 02 15:59:15 846.0
2025 10 02 15:59:16 846.3
2025 10 02 15:59:17 846.19
2025 10 02 15:59:18 846.27
2025 10 02 15:59:19 846.29
2025 10 02 15:59:20 846.52
2025 10 02 15:59:21 846.74
2025 10 02 15:59:22 846.32
2025 10 02 15:59:23 846.0
2025 10 02 15:59:24 846.01
2025 10 02 15:59:25 845.92
2025 10 02 15:59:26 845.49
2025 10 02 15:59:27 845.57
2025 10 02 15:59:28 845.92
2025 10 02 15:59:29 845.99
2025 10 02 15:59:30 845.88
2025 10 02 15:59:31 845.97
2025 10 02 15:59:32 845.97
2025 10 02 15:59:33 846.04
2025 10 02 15:59:34 845.78
2025 10 02 15:59:35 845.64
2025 10 02 15:59:36 845.33
2025 10 02 15:59:37 845.22
2025 10 02 15:59:38 845.71
2025 10 02 15:59:39 845.82
2025 10 02 15:59:40 845.69
2025 10 02 15:59:41 845.86
2025 10 02 15:59:42 845.52
2025 10 02 15:59:43 845.36
2025 10 02 15:59:44 845.53
2025 10 02 15:59:45 846.25
2025 10 02 15:59:46 845.49
2025 10 02 15:59:47 845.15
2025 10 02 15:59:48 844.81
2025 10 02 15:59:49 844.71
2025 10 02 15:59:50 845.05
2025 10 02 15:59:51 845.46
2025 10 02 15:59:52 845.44
2025 10 02 15:59:53 845.42
2025 10 02 15:59:54 845.49
2025 10 02 15:59:55 845.59
2025 10 02 15:59:56 844.8
2025 10 02 15:59:57 844.61
2025 10 02 15:59:58 844.59
2025 10 02 15:59:59 844.84
2025 10 02 16:00:00 845.2
2025 10 02 16:00:01 845.14
2025 10 02 16:00:02 844.79
2025 10 02 16:00:03 844.79
2025 10 02 16:00:04 844.81
2025 10 02 16:00:05 844.69
2025 10 02 16:00:06 844.21
2025 10 02 16:00:07 844.03
2025 10 02 16:00:08 844.41
2025 10 02 16:00:09 844.4
2025 10 02 16:00:10 844.38
2025 10 02 16:00:11 843.7
2025 10 02 16:00:12 844.53
2025 10 02 16:00:13 844.72
2025 10 02 16:00:14 844.83
2025 10 02 16:00:15 844.76
2025 10 02 16:00:16 844.46
2025 10 02 16:00:17 844.14
2025 10 02 16:00:18 843.89
2025 10 02 16:00:19 844.04
2025 10 02 16:00:20 844.06
2025 10 02 16:00:21 843.82
2025 10 02 16:00:22 844.08
2025 10 02 16:00:23 844.16
2025 10 02 16:00:24 844.07
2025 10 02 16:00:25 843.94
2025 10 02 16:00:26 843.71
2025 10 02 16:00:27 843.87
2025 10 02 16:00:28 843.36
2025 10 02 16:00:29 843.17
2025 10 02 16:00:30 842.8
2025 10 02 16:00:31 843.04
2025 10 02 16:00:32 843.18
2025 10 02 16:00:33 843.07
2025 10 02 16:00:34 842.93
2025 10 02 16:00:35 842.99
2025 10 02 16:00:36 843.28
2025 10 02 16:00:37 842.96
2025 10 02 16:00:38 842.85
2025 10 02 16:00:39 843.06
2025 10 02 16:00:40 843.37
2025 10 02 16:00:41 843.4
2025 10 02 16:00:42 843.27
2025 10 02 16:00:43 843.06
2025 10 02 16:00:44 843.14
2025 10 02 16:00:45 842.66
2025 10 02 16:00:46 842.51
2025 10 02 16:00:47 842.41
2025 10 02 16:00:48 842.6
2025 10 02 16:00:49 842.58
2025 10 02 16:00:50 841.85
2025 10 02 16:00:51 841.95
2025 10 02 16:00:52 841.93
2025 10 02 16:00:53 842.24
2025 10 02 16:00:54 842.11
2025 10 02 16:00:55 842.26
2025 10 02 16:00:56 842.39
2025 10 02 16:00:57 842.57
2025 10 02 16:00:58 842.12
2025 10 02 16:00:59 841.76
2025 10 02 16:01:00 841.65
2025 10 02 16:01:01 841.44
2025 10 02 16:01:02 841.83
2025 10 02 16:01:03 841.8
2025 10 02 16:01:04 842.1
2025 10 02 16:01:05 842.06
2025 10 02 16:01:06 842.3
2025 10 02 16:01:07 842.27
2025 10 02 16:01:08 842.09
2025 10 02 16:01:09 841.51
2025 10 02 16:01:10 841.51
2025 10 02 16:01:11 841.81
2025 10 02 16:01:12 841.88
2025 10 02 16:01:13 841.77
2025 10 02 16:01:14 841.7
2025 10 02 16:01:15 841.45
2025 10 02 16:01:16 841.2
2025 10 02 16:01:17 841.35
2025 10 02 16:01:18 841.3
2025 10 02 16:01:19 841.0
2025 10 02 16:01:20 841.42
2025 10 02 16:01:21 841.25
2025 10 02 16:01:22 841.1
2025 10 02 16:01:23 840.48
2025 10 02 16:01:24 841.03
2025 10 02 16:01:25 840.98
2025 10 02 16:01:26 840.88
2025 10 02 16:01:27 840.67
2025 10 02 16:01:28 840.28
2025 10 02 16:01:29 840.53
2025 10 02 16:01:30 840.95
2025 10 02 16:01:31 841.1
2025 10 02 16:01:32 841.2
2025 10 02 16:01:33 840.27
2025 10 02 16:01:34 840.58
2025 10 02 16:01:35 840.9
2025 10 02 16:01:36 840.71
2025 10 02 16:01:37 840.18
2025 10 02 16:01:38 840.62
2025 10 02 16:01:39 840.52
2025 10 02 16:01:40 840.26
2025 10 02 16:01:41 840.18
2025 10 02 16:01:42 840.41
2025 10 02 16:01:43 840.61
2025 10 02 16:01:44 840.28
2025 10 02 16:01:45 839.92
2025 10 02 16:01:46 839.84
2025 10 02 16:01:47 839.68
2025 10 02 16:01:48 839.63
2025 10 02 16:01:49 839.41
2025 10 02 16:01:50 839.99
2025 10 02 16:01:51 839.42
2025 10 02 16:01:52 839.5
2025 10 02 16:01:53 839.15
2025 10 02 16:01:54 839.91
2025 10 02 16:01:55 839.23
2025 10 02 16:01:56 839.22
2025 10 02 16:01:57 838.91
2025 10 02 16:01:58 838.96
2025 10 02 16:01:59 839.11
2025 10 02 16:02:00 839.33
2025 10 02 16:02:01 839.53
2025 10 02 16:02:02 839.67
2025 10 02 16:02:03 839.47
2025 10 02 16:02:04 839.67
2025 10 02 16:02:05 839.81
2025 10 02 16:02:06 839.19
2025 10 02 16:02:07 838.94
2025 10 02 16:02:08 838.82
2025 10 02 16:02:09 838.76
2025 10 02 16:02:10 838.44
2025 10 02 16:02:11 838.38
2025 10 02 16:02:12 838.46
2025 10 02 16:02:13 838.27
2025 10 02 16:02:14 838.19
2025 10 02 16:02:15 838.48
2025 10 02 16:02:16 838.7
2025 10 02 16:02:17 839.01
2025 10 02 16:02:18 838.89
2025 10 02 16:02:19 838.66
2025 10 02 16:02:20 838.61
2025 10 02 16:02:21 838.35
2025 10 02 16:02:22 838.31
2025 10 02 16:02:23 838.15
2025 10 02 16:02:24 837.73
2025 10 02 16:02:25 837.85
2025 10 02 16:02:26 837.87
2025 10 02 16:02:27 837.84
2025 10 02 16:02:28 837.66
2025 10 02 16:02:29 837.11
2025 10 02 16:02:30 837.57
2025 10 02 16:02:31 837.94
2025 10 02 16:02:32 837.79
2025 10 02 16:02:33 837.32
2025 10 02 16:02:34 837.74
2025 10 02 16:02:35 837.73
2025 10 02 16:02:36 837.74
2025 10 02 16:02:37 838.07
2025 10 02 16:02:38 837.82
2025 10 02 16:02:39 837.84
2025 10 02 16:02:40 837.18
2025 10 02 16:02:41 837.36
2025 10 02 16:02:42 837.79
2025 10 02 16:02:43 837.7
2025 10 02 16:02:44 837.68
2025 10 02 16:02:45 837.4
2025 10 02 16:02:46 837.27
2025 10 02 16:02:47 837.19
2025 10 02 16:02:48 837.13
2025 10 02 16:02:49 837.21
2025 10 02 16:02:50 836.84
2025 10 02 16:02:51 836.77
2025 10 02 16:02:52 836.72
2025 10 02 16:02:53 837.01
2025 10 02 16:02:54 836.83
2025 10 02 16:02:55 836.85
2025 10 02 16:02:56 836.71
2025 10 02 16:02:57 836.58
2025 10 02 16:02:58 836.87
2025 10 02 16:02:59 836.78
2025 10 02 16:03:00 836.97
2025 10 02 16:03:01 836.65
2025 10 02 16:03:02 836.67
2025 10 02 16:03:03 836.68
2025 10 02 16:03:04 836.64
2025 10 02 16:03:05 837.5
2025 10 02 16:03:06 837.71
2025 10 02 16:03:07 837.1
2025 10 02 16:03:08 837.1
2025 10 02 16:03:09 836.93
2025 10 02 16:03:10 837.09
2025 10 02 16:03:11 836.89
2025 10 02 16:03:12 837.41
2025 10 02 16:03:13 836.65
2025 10 02 16:03:14 835.98
2025 10 02 16:03:15 836.48
2025 10 02 16:03:16 836.73
2025 10 02 16:03:17 837.69
2025 10 02 16:03:18 837.48
2025 10 02 16:03:19 837.19
2025 10 02 16:03:20 837.44
2025 10 02 16:03:21 837.04
2025 10 02 16:03:22 837.08
2025 10 02 16:03:23 837.56
2025 10 02 16:03:24 837.51
2025 10 02 16:03:25 837.53
2025 10 02 16:03:26 837.26
2025 10 02 16:03:27 837.63
2025 10 02 16:03:28 837.02
2025 10 02 16:03:29 836.75
2025 10 02 16:03:30 836.87
2025 10 02 16:03:31 836.9
2025 10 02 16:03:32 836.81
2025 10 02 16:03:33 836.53
2025 10 02 16:03:34 836.85
2025 10 02 16:03:35 836.98
2025 10 02 16:03:36 837.78
2025 10 02 16:03:37 837.28
2025 10 02 16:03:38 836.59
2025 10 02 16:03:39 837.3
2025 10 02 16:03:40 837.43
2025 10 02 16:03:41 838.51
2025 10 02 16:03:42 838.75
2025 10 02 16:03:43 838.23
2025 10 02 16:03:44 838.19
2025 10 02 16:03:45 837.64
2025 10 02 16:03:46 837.78
2025 10 02 16:03:47 837.94
2025 10 02 16:03:48 838.31
2025 10 02 16:03:49 837.96
2025 10 02 16:03:50 837.5
2025 10 02 16:03:51 837.27
2025 10 02 16:03:53 837.0
2025 10 02 16:03:54 837.35
2025 10 02 16:03:55 836.86
2025 10 02 16:03:56 837.13
2025 10 02 16:03:57 836.99
2025 10 02 16:03:58 837.16
2025 10 02 16:03:59 836.8
2025 10 02 16:04:00 837.13
2025 10 02 16:04:01 837.17
2025 10 02 16:04:02 836.78
2025 10 02 16:04:03 837.05
2025 10 02 16:04:04 836.77
2025 10 02 16:04:05 836.22
2025 10 02 16:04:06 836.17
2025 10 02 16:04:07 836.42
2025 10 02 16:04:08 836.31
2025 10 02 16:04:09 836.91
2025 10 02 16:04:10 837.26
2025 10 02 16:04:11 836.73
2025 10 02 16:04:12 836.9
2025 10 02 16:04:13 836.41
2025 10 02 16:04:14 836.15
2025 10 02 16:04:15 836.28
2025 10 02 16:04:16 836.22
2025 10 02 16:04:17 836.16
2025 10 02 16:04:18 836.34
2025 10 02 16:04:19 835.98
2025 10 02 16:04:20 836.19
2025 10 02 16:04:21 836.21
2025 10 02 16:04:22 835.93
2025 10 02 16:04:23 835.94
2025 10 02 16:04:24 835.77
2025 10 02 16:04:25 835.6
2025 10 02 16:04:26 835.89
2025 10 02 16:04:27 835.96
2025 10 02 16:04:28 835.64
2025 10 02 16:04:29 835.98
2025 10 02 16:04:30 835.99
2025 10 02 16:04:31 836.18
2025 10 02 16:04:32 835.82
2025 10 02 16:04:33 835.96
2025 10 02 16:04:34 835.59
2025 10 02 16:04:35 836.26
2025 10 02 16:04:36 836.28
2025 10 02 16:04:37 835.88
2025 10 02 16:04:38 835.75
2025 10 02 16:04:39 835.8
2025 10 02 16:04:40 835.45
2025 10 02 16:04:41 835.28
2025 10 02 16:04:42 835.42
2025 10 02 16:04:43 835.58
2025 10 02 16:04:44 835.33
2025 10 02 16:04:45 834.99
2025 10 02 16:04:46 835.62
2025 10 02 16:04:47 835.6
2025 10 02 16:04:48 835.24
2025 10 02 16:04:49 835.27
2025 10 02 16:04:50 835.59
2025 10 02 16:04:51 835.02
2025 10 02 16:04:52 835.05
2025 10 02 16:04:53 834.73
2025 10 02 16:04:54 834.62
2025 10 02 16:04:55 834.85
2025 10 02 16:04:56 835.04
2025 10 02 16:04:57 834.8
2025 10 02 16:04:58 834.51
2025 10 02 16:04:59 834.36
2025 10 02 16:05:00 834.27
2025 10 02 16:05:01 834.57
2025 10 02 16:05:02 834.53
2025 10 02 16:05:03 834.91
2025 10 02 16:05:04 834.92
2025 10 02 16:05:05 834.56
2025 10 02 16:05:06 834.54
2025 10 02 16:05:07 834.42
2025 10 02 16:05:08 834.28
2025 10 02 16:05:09 834.65
2025 10 02 16:05:10 834.26
2025 10 02 16:05:11 834.35
2025 10 02 16:05:12 834.05
2025 10 02 16:05:13 834.22
2025 10 02 16:05:14 833.89
2025 10 02 16:05:15 833.87
2025 10 02 16:05:16 834.04
2025 10 02 16:05:17 834.18
2025 10 02 16:05:18 833.92
2025 10 02 16:05:19 834.04
2025 10 02 16:05:20 833.91
2025 10 02 16:05:21 834.42
2025 10 02 16:05:22 834.25
2025 10 02 16:05:23 834.18
2025 10 02 16:05:24 833.39
2025 10 02 16:05:25 833.88
2025 10 02 16:05:26 834.09
2025 10 02 16:05:27 833.82
2025 10 02 16:05:28 833.99
2025 10 02 16:05:29 833.89
2025 10 02 16:05:30 833.73
2025 10 02 16:05:31 833.39
2025 10 02 16:05:32 833.72
2025 10 02 16:05:33 833.97
2025 10 02 16:05:34 833.71
2025 10 02 16:05:35 833.48
2025 10 02 16:05:36 833.29
2025 10 02 16:05:37 833.59
2025 10 02 16:05:38 833.52
2025 10 02 16:05:39 833.61
2025 10 02 16:05:40 833.57
2025 10 02 16:05:41 833.9
2025 10 02 16:05:42 833.71
2025 10 02 16:05:43 833.69
2025 10 02 16:05:44 833.66
2025 10 02 16:05:45 834.01
2025 10 02 16:05:46 834.15
2025 10 02 16:05:47 834.11
2025 10 02 16:05:48 834.12
2025 10 02 16:05:49 833.76
2025 10 02 16:05:50 833.57
2025 10 02 16:05:51 833.81
2025 10 02 16:05:52 833.78
2025 10 02 16:05:53 834.0
2025 10 02 16:05:54 833.98
2025 10 02 16:05:55 833.83
2025 10 02 16:05:56 834.1
2025 10 02 16:05:57 833.99
2025 10 02 16:05:58 833.93
2025 10 02 16:05:59 833.74
2025 10 02 16:06:00 833.51
2025 10 02 16:06:01 833.63
2025 10 02 16:06:02 834.04
2025 10 02 16:06:03 833.86
2025 10 02 16:06:04 833.36
2025 10 02 16:06:05 833.23
2025 10 02 16:06:06 833.3
2025 10 02 16:06:07 833.96
2025 10 02 16:06:08 833.39
2025 10 02 16:06:09 833.52
2025 10 02 16:06:10 833.64
2025 10 02 16:06:11 833.26
2025 10 02 16:06:12 833.33
2025 10 02 16:06:13 833.28
2025 10 02 16:06:14 833.32
2025 10 02 16:06:15 833.32
2025 10 02 16:06:16 833.0
2025 10 02 16:06:17 832.82
2025 10 02 16:06:18 833.22
2025 10 02 16:06:19 833.79
2025 10 02 16:06:20 833.71
2025 10 02 16:06:21 833.88
2025 10 02 16:06:22 833.25
2025 10 02 16:06:23 833.45
2025 10 02 16:06:24 832.92
2025 10 02 16:06:25 832.61
2025 10 02 16:06:26 832.67
2025 10 02 16:06:27 832.51
2025 10 02 16:06:28 832.67
2025 10 02 16:06:29 832.88
2025 10 02 16:06:30 832.68
2025 10 02 16:06:31 832.59
2025 10 02 16:06:32 832.22
2025 10 02 16:06:33 832.63
2025 10 02 16:06:34 832.95
2025 10 02 16:06:35 832.62
2025 10 02 16:06:36 832.86
2025 10 02 16:06:37 832.7
2025 10 02 16:06:38 832.2
2025 10 02 16:06:39 832.11
2025 10 02 16:06:40 832.51
2025 10 02 16:06:41 832.2
2025 10 02 16:06:42 832.1
2025 10 02 16:06:43 832.5
2025 10 02 16:06:44 832.11
2025 10 02 16:06:45 832.26
2025 10 02 16:06:46 832.32
2025 10 02 16:06:47 832.18
2025 10 02 16:06:48 832.34
2025 10 02 16:06:49 832.15
2025 10 02 16:06:50 832.06
2025 10 02 16:06:51 831.69
2025 10 02 16:06:52 831.75
2025 10 02 16:06:53 831.89
2025 10 02 16:06:54 831.59
2025 10 02 16:06:55 831.13
2025 10 02 16:06:56 831.22
2025 10 02 16:06:57 831.43
2025 10 02 16:06:58 831.35
2025 10 02 16:06:59 831.66
2025 10 02 16:07:00 831.71
2025 10 02 16:07:01 831.54
2025 10 02 16:07:02 831.45
2025 10 02 16:07:03 830.64
2025 10 02 16:07:04 830.79
2025 10 02 16:07:05 830.95
2025 10 02 16:07:06 830.94
2025 10 02 16:07:07 831.14
2025 10 02 16:07:08 831.03
2025 10 02 16:07:09 830.94
2025 10 02 16:07:10 830.85
2025 10 02 16:07:11 830.77
2025 10 02 16:07:12 830.62
2025 10 02 16:07:13 830.81
2025 10 02 16:07:14 830.88
2025 10 02 16:07:15 830.93
2025 10 02 16:07:16 830.92
2025 10 02 16:07:17 830.8
2025 10 02 16:07:18 830.26
2025 10 02 16:07:19 829.98
2025 10 02 16:07:20 830.13
2025 10 02 16:07:21 829.85
2025 10 02 16:07:22 829.9
2025 10 02 16:07:23 829.81
2025 10 02 16:07:24 829.91
2025 10 02 16:07:25 829.99
2025 10 02 16:07:26 829.92
2025 10 02 16:07:27 829.8
2025 10 02 16:07:28 829.73
2025 10 02 16:07:29 829.62
2025 10 02 16:07:30 829.73
2025 10 02 16:07:31 829.95
2025 10 02 16:07:32 829.7
2025 10 02 16:07:33 829.42
2025 10 02 16:07:34 829.53
2025 10 02 16:07:35 829.57
2025 10 02 16:07:36 829.28
2025 10 02 16:07:37 829.65
2025 10 02 16:07:38 829.47
2025 10 02 16:07:39 829.37
2025 10 02 16:07:40 829.28
2025 10 02 16:07:41 829.52
2025 10 02 16:07:42 829.45
2025 10 02 16:07:43 829.54
2025 10 02 16:07:44 829.42
2025 10 02 16:07:45 829.32
2025 10 02 16:07:46 829.37
2025 10 02 16:07:47 829.4
2025 10 02 16:07:48 829.32
2025 10 02 16:07:49 829.03
2025 10 02 16:07:50 828.96
2025 10 02 16:07:51 829.19
2025 10 02 16:07:52 829.14
2025 10 02 16:07:53 829.24
2025 10 02 16:07:54 829.43
2025 10 02 16:07:55 829.39
2025 10 02 16:07:56 829.34
2025 10 02 16:07:57 829.01
2025 10 02 16:07:58 829.07
2025 10 02 16:07:59 829.16
2025 10 02 16:08:00 828.89
2025 10 02 16:08:01 828.52
2025 10 02 16:08:02 828.65
2025 10 02 16:08:03 828.66
2025 10 02 16:08:04 828.77
2025 10 02 16:08:05 828.71
2025 10 02 16:08:06 828.63
2025 10 02 16:08:07 828.19
2025 10 02 16:08:08 828.11
2025 10 02 16:08:09 828.19
2025 10 02 16:08:10 828.11
2025 10 02 16:08:11 828.33
2025 10 02 16:08:12 828.1
2025 10 02 16:08:13 828.12
2025 10 02 16:08:14 828.58
2025 10 02 16:08:15 828.15
2025 10 02 16:08:16 827.55
2025 10 02 16:08:17 827.35
2025 10 02 16:08:18 827.67
2025 10 02 16:08:19 827.65
2025 10 02 16:08:20 828.17
2025 10 02 16:08:21 827.77
2025 10 02 16:08:22 828.44
2025 10 02 16:08:23 827.18
2025 10 02 16:08:24 827.23
2025 10 02 16:08:25 827.08
2025 10 02 16:08:26 827.44
2025 10 02 16:08:27 827.26
2025 10 02 16:08:28 827.55
2025 10 02 16:08:29 827.18
2025 10 02 16:08:30 827.24
2025 10 02 16:08:31 827.44
2025 10 02 16:08:32 827.0
2025 10 02 16:08:33 827.1
2025 10 02 16:08:34 827.1
2025 10 02 16:08:35 827.02
2025 10 02 16:08:36 827.02
2025 10 02 16:08:37 827.04
2025 10 02 16:08:38 826.82
2025 10 02 16:08:39 826.43
2025 10 02 16:08:40 826.17
2025 10 02 16:08:41 826.33
2025 10 02 16:08:42 826.11
2025 10 02 16:08:43 825.08
2025 10 02 16:08:44 825.01
2025 10 02 16:08:45 824.72
2025 10 02 16:08:46 825.22
2025 10 02 16:08:47 826.01
2025 10 02 16:08:48 825.89
2025 10 02 16:08:49 825.31
2025 10 02 16:08:50 825.56
2025 10 02 16:08:51 826.13
2025 10 02 16:08:52 826.1
2025 10 02 16:08:53 825.68
2025 10 02 16:08:54 825.25
2025 10 02 16:08:55 824.69
2025 10 02 16:08:56 825.09
2025 10 02 16:08:57 825.18
2025 10 02 16:08:58 825.22
2025 10 02 16:08:59 824.83
2025 10 02 16:09:00 824.48
2025 10 02 16:09:01 825.43
2025 10 02 16:09:02 825.54
2025 10 02 16:09:03 825.81
2025 10 02 16:09:04 825.2
2025 10 02 16:09:05 824.98
2025 10 02 16:09:06 825.11
2025 10 02 16:09:07 825.35
2025 10 02 16:09:08 824.83
2025 10 02 16:09:09 824.78
2025 10 02 16:09:10 824.78
2025 10 02 16:09:11 825.28
2025 10 02 16:09:12 825.06
2025 10 02 16:09:13 824.81
2025 10 02 16:09:14 824.81
2025 10 02 16:09:15 824.84
2025 10 02 16:09:16 825.07
2025 10 02 16:09:17 825.78
2025 10 02 16:09:18 825.98
2025 10 02 16:09:19 825.27
2025 10 02 16:09:20 825.01
2025 10 02 16:09:21 824.92
2025 10 02 16:09:22 824.43
2025 10 02 16:09:23 823.95
2025 10 02 16:09:24 824.1
2025 10 02 16:09:25 824.58
2025 10 02 16:09:26 824.76
2025 10 02 16:09:27 824.77
2025 10 02 16:09:28 825.17
2025 10 02 16:09:29 825.48
2025 10 02 16:09:30 825.39
2025 10 02 16:09:31 825.03
2025 10 02 16:09:32 824.58
2025 10 02 16:09:33 824.45
2025 10 02 16:09:34 824.47
2025 10 02 16:09:35 824.52
2025 10 02 16:09:36 824.51
2025 10 02 16:09:37 824.41
2025 10 02 16:09:38 824.53
2025 10 02 16:09:39 824.32
2025 10 02 16:09:40 824.02
2025 10 02 16:09:41 823.96
2025 10 02 16:09:42 823.97
2025 10 02 16:09:43 823.85
2025 10 02 16:09:44 823.95
2025 10 02 16:09:45 824.36
2025 10 02 16:09:46 824.33
2025 10 02 16:09:47 824.08
2025 10 02 16:09:48 823.99
2025 10 02 16:09:49 824.45
2025 10 02 16:09:50 823.99
2025 10 02 16:09:51 823.87
2025 10 02 16:09:52 823.48
2025 10 02 16:09:53 823.58
2025 10 02 16:09:54 824.37
2025 10 02 16:09:55 824.19
2025 10 02 16:09:56 823.76
2025 10 02 16:09:57 823.81
2025 10 02 16:09:58 824.08
2025 10 02 16:09:59 823.89
2025 10 02 16:10:00 824.31
2025 10 02 16:10:01 824.25
2025 10 02 16:10:02 824.0
2025 10 02 16:10:03 823.54
2025 10 02 16:10:04 823.82
2025 10 02 16:10:05 823.66
2025 10 02 16:10:06 823.43
2025 10 02 16:10:07 823.06
2025 10 02 16:10:08 823.0
2025 10 02 16:10:09 822.81
2025 10 02 16:10:10 822.62
2025 10 02 16:10:11 823.21
2025 10 02 16:10:12 823.6
2025 10 02 16:10:13 823.25
2025 10 02 16:10:14 823.0
2025 10 02 16:10:15 822.88
2025 10 02 16:10:16 822.63
2025 10 02 16:10:17 822.8
2025 10 02 16:10:18 822.85
2025 10 02 16:10:19 822.69
2025 10 02 16:10:20 822.58
2025 10 02 16:10:21 821.75
2025 10 02 16:10:22 822.41
2025 10 02 16:10:23 823.31
2025 10 02 16:10:24 823.28
2025 10 02 16:10:25 823.02
2025 10 02 16:10:26 823.08
2025 10 02 16:10:27 821.67
2025 10 02 16:10:28 822.29
2025 10 02 16:10:29 822.85
2025 10 02 16:10:30 822.41
2025 10 02 16:10:31 822.47
2025 10 02 16:10:32 822.42
2025 10 02 16:10:33 822.42
2025 10 02 16:10:34 822.29
2025 10 02 16:10:35 822.98
2025 10 02 16:10:36 822.2
2025 10 02 16:10:37 821.22
2025 10 02 16:10:38 821.05
2025 10 02 16:10:39 820.97
2025 10 02 16:10:40 821.67
2025 10 02 16:10:41 822.24
2025 10 02 16:10:42 822.97
2025 10 02 16:10:43 822.52
2025 10 02 16:10:44 822.53
2025 10 02 16:10:45 822.08
2025 10 02 16:10:46 821.8
2025 10 02 16:10:47 821.59
2025 10 02 16:10:48 821.46
2025 10 02 16:10:49 821.39
2025 10 02 16:10:50 821.71
2025 10 02 16:10:51 821.45
2025 10 02 16:10:52 822.22
2025 10 02 16:10:53 821.57
2025 10 02 16:10:54 821.73
2025 10 02 16:10:55 822.15
2025 10 02 16:10:56 822.34
2025 10 02 16:10:57 822.11
2025 10 02 16:10:58 821.54
2025 10 02 16:10:59 821.73
2025 10 02 16:11:00 821.57
2025 10 02 16:11:01 821.57
2025 10 02 16:11:02 821.6
2025 10 02 16:11:03 821.37
2025 10 02 16:11:04 821.54
2025 10 02 16:11:05 821.01
2025 10 02 16:11:06 820.87
2025 10 02 16:11:07 821.34
2025 10 02 16:11:08 821.6
2025 10 02 16:11:09 821.73
2025 10 02 16:11:10 821.59
2025 10 02 16:11:11 821.49
2025 10 02 16:11:12 821.29
2025 10 02 16:11:13 820.94
2025 10 02 16:11:14 820.84
2025 10 02 16:11:15 821.33
2025 10 02 16:11:16 821.31
2025 10 02 16:11:17 820.9
2025 10 02 16:11:18 820.76
2025 10 02 16:11:19 821.04
2025 10 02 16:11:20 820.88
2025 10 02 16:11:21 820.71
2025 10 02 16:11:22 820.97
2025 10 02 16:11:23 820.85
2025 10 02 16:11:24 820.59
2025 10 02 16:11:25 820.49
2025 10 02 16:11:26 820.69
2025 10 02 16:11:27 820.2
2025 10 02 16:11:28 819.97
2025 10 02 16:11:29 820.06
2025 10 02 16:11:31 820.11
2025 10 02 16:11:32 820.63
2025 10 02 16:11:33 820.62
2025 10 02 16:11:34 820.35
2025 10 02 16:11:35 820.45
2025 10 02 16:11:36 820.7
2025 10 02 16:11:37 820.69
2025 10 02 16:11:38 820.5
2025 10 02 16:11:39 820.58
2025 10 02 16:11:40 820.91
2025 10 02 16:11:41 821.04
2025 10 02 16:11:42 820.58
2025 10 02 16:11:43 820.45
2025 10 02 16:11:44 820.84
2025 10 02 16:11:45 820.72
2025 10 02 16:11:46 820.26
2025 10 02 16:11:47 820.21
2025 10 02 16:11:48 820.34
2025 10 02 16:11:49 820.33
2025 10 02 16:11:50 820.33
2025 10 02 16:11:51 820.35
2025 10 02 16:11:52 819.95
2025 10 02 16:11:53 820.11
2025 10 02 16:11:54 820.19
2025 10 02 16:11:55 820.1
2025 10 02 16:11:56 819.87
2025 10 02 16:11:57 819.64
2025 10 02 16:11:58 819.88
2025 10 02 16:11:59 819.79
2025 10 02 16:12:00 819.37
2025 10 02 16:12:01 819.1
2025 10 02 16:12:02 819.15
2025 10 02 16:12:03 819.28
2025 10 02 16:12:04 819.22
2025 10 02 16:12:05 819.4
2025 10 02 16:12:06 819.23
2025 10 02 16:12:07 819.12
2025 10 02 16:12:08 818.86
2025 10 02 16:12:09 818.84
2025 10 02 16:12:10 818.91
2025 10 02 16:12:11 818.86
2025 10 02 16:12:12 818.8
2025 10 02 16:12:13 818.6
2025 10 02 16:12:14 818.68
2025 10 02 16:12:15 818.85
2025 10 02 16:12:16 818.75
2025 10 02 16:12:17 818.35
2025 10 02 16:12:18 819.02
2025 10 02 16:12:19 818.88
2025 10 02 16:12:20 818.69
2025 10 02 16:12:21 818.4
2025 10 02 16:12:22 818.27
2025 10 02 16:12:23 818.0
2025 10 02 16:12:24 818.12
2025 10 02 16:12:25 818.31
2025 10 02 16:12:26 817.8
2025 10 02 16:12:27 817.32
2025 10 02 16:12:28 817.45
2025 10 02 16:12:29 817.34
2025 10 02 16:12:30 817.52
2025 10 02 16:12:31 817.88
2025 10 02 16:12:32 817.77
2025 10 02 16:12:33 817.69
2025 10 02 16:12:34 817.19
2025 10 02 16:12:35 816.94
2025 10 02 16:12:36 817.0
2025 10 02 16:12:37 816.92
2025 10 02 16:12:38 816.74
2025 10 02 16:12:39 816.99
2025 10 02 16:12:40 816.78
2025 10 02 16:12:41 817.0
2025 10 02 16:12:42 817.19
2025 10 02 16:12:43 817.28
2025 10 02 16:12:44 817.21
2025 10 02 16:12:45 816.47
2025 10 02 16:12:46 816.06
2025 10 02 16:12:47 816.17
2025 10 02 16:12:48 816.17
2025 10 02 16:12:49 816.24
2025 10 02 16:12:50 816.25
2025 10 02 16:12:51 816.39
2025 10 02 16:12:52 816.48
2025 10 02 16:12:53 816.11
2025 10 02 16:12:54 816.08
2025 10 02 16:12:55 815.64
2025 10 02 16:12:56 814.99
2025 10 02 16:12:57 815.31
2025 10 02 16:12:58 815.15
2025 10 02 16:12:59 815.76
2025 10 02 16:13:00 816.33
2025 10 02 16:13:01 815.74
2025 10 02 16:13:02 815.54
2025 10 02 16:13:03 815.73
2025 10 02 16:13:04 815.21
2025 10 02 16:13:05 815.2
2025 10 02 16:13:06 815.53
2025 10 02 16:13:07 815.53
2025 10 02 16:13:08 814.95
2025 10 02 16:13:09 815.06
2025 10 02 16:13:10 815.11
2025 10 02 16:13:11 815.57
2025 10 02 16:13:12 815.54
2025 10 02 16:13:13 815.13
2025 10 02 16:13:14 814.79
2025 10 02 16:13:15 814.91
2025 10 02 16:13:16 814.78
2025 10 02 16:13:17 815.01
2025 10 02 16:13:18 814.72
2025 10 02 16:13:19 814.5
2025 10 02 16:13:20 814.15
2025 10 02 16:13:21 813.88
2025 10 02 16:13:22 814.18
2025 10 02 16:13:23 814.21
2025 10 02 16:13:24 814.11
2025 10 02 16:13:25 813.96
2025 10 02 16:13:26 813.96
2025 10 02 16:13:27 813.59
2025 10 02 16:13:28 813.7
2025 10 02 16:13:29 814.03
2025 10 02 16:13:30 813.72
2025 10 02 16:13:31 814.05
2025 10 02 16:13:32 814.02
2025 10 02 16:13:33 813.79
2025 10 02 16:13:34 813.22
2025 10 02 16:13:35 813.13
2025 10 02 16:13:36 813.14
2025 10 02 16:15:28 809.06
2025 10 02 16:15:29 809.0
2025 10 02 16:15:30 809.24
2025 10 02 16:15:31 808.8
2025 10 02 16:15:32 808.6
2025 10 02 16:15:33 808.55
2025 10 02 16:15:34 808.89
2025 10 02 16:15:35 808.37
2025 10 02 16:15:36 808.19
2025 10 02 16:15:37 808.03
2025 10 02 16:24:13 782.1
2025 10 02 16:24:14 781.93
2025 10 02 16:24:15 781.94
2025 10 02 16:24:16 782.42
2025 10 02 16:24:17 782.61
2025 10 02 16:24:18 782.42
2025 10 02 16:24:19 782.12
2025 10 02 16:24:20 782.19
2025 10 02 16:24:21 781.76
2025 10 02 16:24:22 781.75
2025 10 02 16:24:23 781.45
2025 10 02 16:24:24 781.51
2025 10 02 16:24:25 781.54
2025 10 02 16:24:26 781.12
2025 10 02 16:24:27 781.34
2025 10 02 16:24:28 781.21
2025 10 02 16:24:29 781.04
2025 10 02 16:24:30 781.07
2025 10 02 16:24:31 780.93
2025 10 02 16:24:36 780.69
2025 10 02 16:24:37 780.79
2025 10 02 16:24:38 780.66
2025 10 02 16:24:39 780.52
2025 10 02 16:24:40 780.3
2025 10 02 16:24:41 780.17
2025 10 02 16:24:42 780.2
2025 10 02 16:24:44 780.39
2025 10 02 16:24:45 780.27
2025 10 02 16:24:46 779.94
2025 10 02 16:24:47 780.21
2025 10 02 16:24:48 779.83
2025 10 02 16:24:49 779.52
2025 10 02 16:24:50 779.57
2025 10 02 16:24:51 779.52
2025 10 02 16:24:52 779.41
2025 10 02 16:24:53 779.13
2025 10 02 16:24:54 779.66
2025 10 02 16:24:55 779.66
2025 10 02 16:24:56 778.94
2025 10 02 16:24:57 779.28
2025 10 02 16:24:58 778.97
2025 10 02 16:24:59 779.2
2025 10 02 16:25:00 779.38
2025 10 02 16:25:01 779.12
2025 10 02 16:25:02 779.6
2025 10 02 16:25:03 779.59
2025 10 02 16:25:04 779.43
2025 10 02 16:25:05 779.51
2025 10 02 16:25:06 779.39
2025 10 02 16:25:07 779.51
2025 10 02 16:25:08 779.39
2025 10 02 16:25:09 779.32
2025 10 02 16:25:10 779.22
2025 10 02 16:25:11 779.16
2025 10 02 16:25:12 779.17
2025 10 02 16:25:13 779.22
2025 10 02 16:25:14 779.07
