DR30D1-65086
WRR 1.000000
2025 10 10 14:57:29 891.85
2025 10 10 14:57:31 891.76
2025 10 10 14:57:32 891.76
2025 10 10 14:57:33 891.86
2025 10 10 14:57:34 892.1
2025 10 10 14:57:35 892.1
2025 10 10 14:57:36 892.1
2025 10 10 14:57:37 891.82
2025 10 10 14:57:38 891.67
2025 10 10 14:57:40 891.67
2025 10 10 14:57:41 891.82
2025 10 10 14:57:42 892.29
2025 10 10 14:57:43 892.29
2025 10 10 14:57:44 892.29
2025 10 10 14:57:45 892.2
2025 10 10 14:57:46 892.12
2025 10 10 14:57:47 892.12
2025 10 10 14:57:49 892.12
2025 10 10 14:57:50 892.37
2025 10 10 14:57:51 892.38
2025 10 10 14:57:52 892.38
2025 10 10 14:57:53 892.4
2025 10 10 14:57:54 892.47
2025 10 10 14:57:55 892.47
2025 10 10 14:57:56 892.46
2025 10 10 14:57:57 892.35
2025 10 10 14:57:58 892.27
2025 10 10 14:58:00 892.27
2025 10 10 14:58:01 892.27
2025 10 10 14:58:02 892.24
2025 10 10 14:58:03 892.25
2025 10 10 14:58:04 892.24
2025 10 10 14:58:05 892.13
2025 10 10 14:58:06 891.87
2025 10 10 14:58:07 891.87
2025 10 10 14:58:08 891.87
2025 10 10 14:58:10 892.31
2025 10 10 14:58:11 892.38
2025 10 10 14:58:12 892.38
2025 10 10 14:58:13 892.21
2025 10 10 14:58:14 891.85
2025 10 10 14:58:15 891.85
2025 10 10 14:58:16 891.85
2025 10 10 14:58:17 891.92
2025 10 10 14:58:18 892.0
2025 10 10 14:58:20 892.0
2025 10 10 14:58:21 892.01
2025 10 10 14:58:22 891.91
2025 10 10 14:58:23 891.9
2025 10 10 14:58:24 891.9
2025 10 10 14:58:25 891.57
2025 10 10 14:58:26 890.97
2025 10 10 14:58:28 890.97
2025 10 10 14:58:29 890.97
2025 10 10 14:58:30 891.41
2025 10 10 14:58:31 891.45
2025 10 10 14:58:32 891.45
2025 10 10 14:58:33 891.43
2025 10 10 14:58:34 891.28
2025 10 10 14:58:35 891.28
2025 10 10 14:58:37 891.28
2025 10 10 14:58:38 891.55
2025 10 10 14:58:39 891.73
2025 10 10 14:58:40 891.74
2025 10 10 14:58:41 891.74
2025 10 10 14:58:42 890.85
2025 10 10 14:58:43 890.8
2025 10 10 14:58:44 890.8
2025 10 10 14:58:46 890.6
2025 10 10 14:58:47 890.4
2025 10 10 14:58:48 890.4
2025 10 10 14:58:49 890.4
2025 10 10 14:58:50 890.83
2025 10 10 14:58:51 890.88
2025 10 10 14:58:52 890.89
2025 10 10 14:58:53 890.88
2025 10 10 14:58:54 890.84
2025 10 10 14:58:56 890.84
2025 10 10 14:58:57 890.83
2025 10 10 14:58:58 890.95
2025 10 10 14:58:59 891.05
2025 10 10 14:59:00 891.05
2025 10 10 14:59:01 891.05
2025 10 10 14:59:02 890.88
2025 10 10 14:59:03 890.86
2025 10 10 14:59:04 890.86
2025 10 10 14:59:05 890.76
2025 10 10 14:59:07 890.53
2025 10 10 14:59:08 890.53
2025 10 10 14:59:09 890.53
2025 10 10 14:59:10 890.37
2025 10 10 14:59:11 890.26
2025 10 10 14:59:12 890.26
2025 10 10 14:59:13 890.25
2025 10 10 14:59:14 890.31
2025 10 10 14:59:15 890.31
2025 10 10 14:59:17 890.31
2025 10 10 14:59:18 890.31
2025 10 10 14:59:19 890.31
2025 10 10 14:59:20 890.32
2025 10 10 14:59:21 890.35
2025 10 10 14:59:22 890.6
2025 10 10 14:59:24 890.59
2025 10 10 14:59:25 890.59
2025 10 10 14:59:26 890.58
2025 10 10 14:59:27 890.55
2025 10 10 14:59:28 890.55
2025 10 10 14:59:29 890.56
2025 10 10 14:59:30 890.6
2025 10 10 14:59:31 890.61
2025 10 10 14:59:32 890.61
2025 10 10 14:59:33 890.58
2025 10 10 14:59:34 890.1
2025 10 10 14:59:35 890.06
2025 10 10 14:59:37 890.06
2025 10 10 14:59:38 889.9
2025 10 10 14:59:39 889.68
2025 10 10 14:59:40 889.67
2025 10 10 14:59:41 889.67
2025 10 10 14:59:42 890.09
2025 10 10 14:59:43 890.23
2025 10 10 14:59:44 890.24
2025 10 10 14:59:46 890.25
2025 10 10 14:59:47 890.27
2025 10 10 14:59:48 890.27
2025 10 10 14:59:49 890.27
2025 10 10 14:59:50 890.07
2025 10 10 14:59:51 889.96
2025 10 10 14:59:52 889.97
2025 10 10 14:59:54 889.94
2025 10 10 14:59:55 889.63
2025 10 10 14:59:56 889.62
2025 10 10 14:59:57 889.62
2025 10 10 14:59:58 890.11
2025 10 10 14:59:59 890.32
2025 10 10 15:00:00 890.32
2025 10 10 15:00:02 890.31
2025 10 10 15:00:03 890.28
2025 10 10 15:00:04 890.29
2025 10 10 15:00:05 890.29
2025 10 10 15:00:06 889.9
2025 10 10 15:00:07 889.59
2025 10 10 15:00:08 889.59
2025 10 10 15:00:09 889.58
2025 10 10 15:00:11 889.4
2025 10 10 15:00:12 889.4
2025 10 10 15:00:13 889.4
2025 10 10 15:00:14 889.61
2025 10 10 15:00:15 890.01
2025 10 10 15:00:16 890.02
2025 10 10 15:00:18 890.02
2025 10 10 15:00:19 889.81
2025 10 10 15:00:20 889.79
2025 10 10 15:00:21 889.79
2025 10 10 15:00:22 889.47
2025 10 10 15:00:23 889.23
2025 10 10 15:00:24 889.23
2025 10 10 15:00:26 889.19
2025 10 10 15:00:27 888.65
2025 10 10 15:00:28 888.62
2025 10 10 15:00:29 888.62
2025 10 10 15:00:30 888.95
2025 10 10 15:00:31 889.45
2025 10 10 15:00:33 889.46
2025 10 10 15:00:34 889.46
2025 10 10 15:00:35 889.5
2025 10 10 15:00:36 889.52
2025 10 10 15:00:37 889.52
2025 10 10 15:00:38 889.52
2025 10 10 15:00:39 888.71
2025 10 10 15:00:40 888.65
2025 10 10 15:00:41 888.65
2025 10 10 15:00:42 888.61
2025 10 10 15:00:43 888.56
2025 10 10 15:00:44 888.55
2025 10 10 15:00:46 888.55
2025 10 10 15:00:47 888.63
2025 10 10 15:00:48 888.64
2025 10 10 15:00:49 888.64
2025 10 10 15:00:50 888.62
2025 10 10 15:00:51 888.57
2025 10 10 15:00:53 888.57
2025 10 10 15:00:54 888.57
2025 10 10 15:00:55 888.54
2025 10 10 15:00:56 888.53
2025 10 10 15:00:57 888.53
2025 10 10 15:00:58 888.54
2025 10 10 15:00:59 889.13
2025 10 10 15:01:00 889.16
2025 10 10 15:01:01 889.16
2025 10 10 15:01:02 888.72
2025 10 10 15:01:04 888.19
2025 10 10 15:01:05 888.19
2025 10 10 15:01:06 888.2
2025 10 10 15:01:07 887.78
2025 10 10 15:01:08 887.75
2025 10 10 15:01:09 887.74
2025 10 10 15:01:10 887.89
2025 10 10 15:01:12 888.12
2025 10 10 15:01:13 888.13
2025 10 10 15:01:14 888.13
2025 10 10 15:01:15 887.83
2025 10 10 15:01:16 887.81
2025 10 10 15:01:17 887.81
2025 10 10 15:01:18 885.66
2025 10 10 15:01:20 882.36
2025 10 10 15:01:21 882.36
2025 10 10 15:01:22 882.36
2025 10 10 15:01:23 878.15
2025 10 10 15:01:24 876.38
2025 10 10 15:01:25 876.37
2025 10 10 15:01:26 876.15
2025 10 10 15:01:27 872.55
2025 10 10 15:01:28 872.56
2025 10 10 15:01:30 872.55
2025 10 10 15:01:31 871.7
2025 10 10 15:01:32 870.88
2025 10 10 15:01:33 870.89
2025 10 10 15:01:34 870.89
2025 10 10 15:01:35 872.46
2025 10 10 15:01:36 872.87
2025 10 10 15:01:37 872.87
2025 10 10 15:01:39 873.46
2025 10 10 15:01:40 874.86
2025 10 10 15:01:41 874.86
2025 10 10 15:01:42 874.86
2025 10 10 15:01:43 876.08
2025 10 10 15:01:44 877.09
2025 10 10 15:01:45 877.09
2025 10 10 15:01:46 877.1
2025 10 10 15:01:47 880.05
2025 10 10 15:01:48 880.24
2025 10 10 15:01:50 880.24
2025 10 10 15:01:51 881.06
2025 10 10 15:01:52 882.93
2025 10 10 15:01:53 882.94
2025 10 10 15:01:54 882.93
2025 10 10 15:01:55 884.16
2025 10 10 15:01:56 884.72
2025 10 10 15:01:57 884.72
2025 10 10 15:01:58 884.83
2025 10 10 15:01:59 886.35
2025 10 10 15:02:01 886.43
2025 10 10 15:02:02 886.43
2025 10 10 15:02:03 886.56
2025 10 10 15:02:04 886.73
2025 10 10 15:02:05 886.73
2025 10 10 15:02:06 886.73
2025 10 10 15:02:07 886.79
2025 10 10 15:02:08 886.8
2025 10 10 15:02:10 886.8
2025 10 10 15:02:11 886.29
2025 10 10 15:02:12 885.18
2025 10 10 15:02:13 885.19
2025 10 10 15:02:14 885.19
2025 10 10 15:02:15 885.65
2025 10 10 15:02:16 886.31
2025 10 10 15:02:17 886.31
2025 10 10 15:02:18 886.31
2025 10 10 15:02:19 886.82
2025 10 10 15:02:20 886.98
2025 10 10 15:02:22 886.98
2025 10 10 15:02:23 887.0
2025 10 10 15:02:24 887.22
2025 10 10 15:02:25 887.22
2025 10 10 15:02:26 887.21
2025 10 10 15:02:27 887.05
2025 10 10 15:02:28 886.71
2025 10 10 15:02:29 886.71
2025 10 10 15:02:30 886.71
2025 10 10 15:02:31 886.38
2025 10 10 15:02:32 886.26
2025 10 10 15:02:33 886.26
2025 10 10 15:02:35 886.3
2025 10 10 15:02:36 886.77
2025 10 10 15:02:37 886.78
2025 10 10 15:02:38 886.78
2025 10 10 15:02:39 886.95
2025 10 10 15:02:40 887.25
2025 10 10 15:02:41 887.25
2025 10 10 15:02:42 887.24
2025 10 10 15:02:43 886.78
2025 10 10 15:02:44 886.46
2025 10 10 15:02:46 886.46
2025 10 10 15:02:47 886.47
2025 10 10 15:02:48 886.47
2025 10 10 15:02:49 886.47
2025 10 10 15:02:50 886.46
2025 10 10 15:02:51 886.42
2025 10 10 15:02:52 886.37
2025 10 10 15:02:53 886.37
2025 10 10 15:02:54 886.37
2025 10 10 15:02:56 886.5
2025 10 10 15:02:57 886.54
2025 10 10 15:02:58 886.54
2025 10 10 15:02:59 886.45
2025 10 10 15:03:00 886.3
2025 10 10 15:03:01 886.3
2025 10 10 15:03:02 886.31
2025 10 10 15:03:04 886.48
2025 10 10 15:03:05 886.58
2025 10 10 15:03:06 886.58
2025 10 10 15:03:07 886.57
2025 10 10 15:03:08 886.49
2025 10 10 15:03:09 886.49
2025 10 10 15:03:10 886.49
2025 10 10 15:03:11 886.68
2025 10 10 15:03:12 886.94
2025 10 10 15:03:14 886.94
2025 10 10 15:03:15 886.94
2025 10 10 15:03:16 886.66
2025 10 10 15:03:17 886.5
2025 10 10 15:03:18 886.49
2025 10 10 15:03:19 886.5
2025 10 10 15:03:20 885.62
2025 10 10 15:03:21 885.32
2025 10 10 15:03:22 885.33
2025 10 10 15:03:23 885.6
2025 10 10 15:03:24 886.29
2025 10 10 15:03:26 886.29
2025 10 10 15:03:27 886.29
2025 10 10 15:03:28 886.29
2025 10 10 15:03:29 886.3
2025 10 10 15:03:31 886.3
2025 10 10 15:03:32 886.32
2025 10 10 15:03:33 886.33
2025 10 10 15:03:34 886.33
2025 10 10 15:03:35 886.34
2025 10 10 15:03:36 886.05
2025 10 10 15:03:37 885.95
2025 10 10 15:03:38 885.95
2025 10 10 15:03:39 885.89
2025 10 10 15:03:40 885.71
2025 10 10 15:03:42 885.71
2025 10 10 15:03:43 885.7
2025 10 10 15:03:44 885.61
2025 10 10 15:03:45 885.6
2025 10 10 15:03:46 885.6
2025 10 10 15:03:47 885.48
2025 10 10 15:03:49 885.12
2025 10 10 15:03:50 885.13
2025 10 10 15:03:51 885.13
2025 10 10 15:03:52 885.48
2025 10 10 15:03:53 885.49
2025 10 10 15:03:54 885.49
2025 10 10 15:03:56 885.48
2025 10 10 15:03:57 885.46
2025 10 10 15:03:58 885.46
2025 10 10 15:03:59 885.46
2025 10 10 15:04:00 885.11
2025 10 10 15:04:01 885.01
2025 10 10 15:04:02 885.0
2025 10 10 15:04:03 884.96
2025 10 10 15:04:05 884.8
2025 10 10 15:04:06 884.8
2025 10 10 15:04:07 884.81
2025 10 10 15:04:08 885.1
2025 10 10 15:04:09 885.36
2025 10 10 15:04:10 885.35
2025 10 10 15:04:11 885.36
2025 10 10 15:04:12 884.74
2025 10 10 15:04:13 884.6
2025 10 10 15:04:14 884.61
2025 10 10 15:04:15 884.5
2025 10 10 15:04:17 884.17
2025 10 10 15:04:18 884.17
2025 10 10 15:04:19 884.16
2025 10 10 15:04:20 884.23
2025 10 10 15:04:21 884.31
2025 10 10 15:04:22 884.32
2025 10 10 15:04:23 884.32
2025 10 10 15:04:24 884.22
2025 10 10 15:04:25 884.2
2025 10 10 15:04:26 884.2
2025 10 10 15:04:28 884.2
2025 10 10 15:04:29 884.22
2025 10 10 15:04:30 884.21
2025 10 10 15:04:31 884.21
2025 10 10 15:04:32 884.1
2025 10 10 15:04:33 883.92
2025 10 10 15:04:34 883.93
2025 10 10 15:04:35 883.93
2025 10 10 15:04:36 883.96
2025 10 10 15:04:37 883.98
2025 10 10 15:04:39 883.98
2025 10 10 15:04:40 884.14
2025 10 10 15:04:41 884.78
2025 10 10 15:04:42 884.78
2025 10 10 15:04:43 884.79
2025 10 10 15:04:44 884.62
2025 10 10 15:04:45 884.35
2025 10 10 15:04:46 884.35
2025 10 10 15:04:47 884.36
2025 10 10 15:04:48 884.07
2025 10 10 15:04:49 883.78
2025 10 10 15:04:50 883.78
2025 10 10 15:04:52 883.86
2025 10 10 15:04:53 884.09
2025 10 10 15:04:54 884.09
2025 10 10 15:04:55 884.09
2025 10 10 15:04:56 884.15
2025 10 10 15:04:57 884.21
2025 10 10 15:04:58 884.21
2025 10 10 15:04:59 884.22
2025 10 10 15:05:01 884.04
2025 10 10 15:05:02 884.01
2025 10 10 15:05:03 884.01
2025 10 10 15:05:04 883.91
2025 10 10 15:05:05 883.68
2025 10 10 15:05:06 883.68
2025 10 10 15:05:07 883.68
2025 10 10 15:05:09 883.86
2025 10 10 15:05:10 883.91
2025 10 10 15:05:11 883.92
2025 10 10 15:05:12 883.92
2025 10 10 15:05:13 883.83
2025 10 10 15:05:14 883.82
2025 10 10 15:05:15 883.82
2025 10 10 15:05:16 883.42
2025 10 10 15:05:17 882.95
2025 10 10 15:05:18 882.95
2025 10 10 15:05:19 882.96
2025 10 10 15:05:21 882.68
2025 10 10 15:05:22 882.55
2025 10 10 15:05:23 882.55
2025 10 10 15:05:24 882.61
2025 10 10 15:05:25 882.99
2025 10 10 15:05:26 882.99
2025 10 10 15:05:27 882.99
2025 10 10 15:05:28 882.45
2025 10 10 15:05:29 881.74
2025 10 10 15:05:30 881.74
2025 10 10 15:05:32 881.75
2025 10 10 15:05:33 882.32
2025 10 10 15:05:34 882.44
2025 10 10 15:05:35 882.44
2025 10 10 15:05:36 882.35
2025 10 10 15:05:37 882.15
2025 10 10 15:05:38 882.15
2025 10 10 15:05:39 882.16
2025 10 10 15:05:40 882.09
2025 10 10 15:05:42 882.03
2025 10 10 15:05:43 882.03
2025 10 10 15:05:44 882.03
2025 10 10 15:05:45 882.08
2025 10 10 15:05:46 882.08
2025 10 10 15:05:47 882.09
2025 10 10 15:05:48 882.01
2025 10 10 15:05:49 881.74
2025 10 10 15:05:50 881.75
2025 10 10 15:05:51 881.74
2025 10 10 15:05:52 881.88
2025 10 10 15:05:54 881.99
2025 10 10 15:05:55 881.99
2025 10 10 15:05:56 881.99
2025 10 10 15:05:57 882.07
2025 10 10 15:05:58 882.07
2025 10 10 15:05:59 882.07
2025 10 10 15:06:00 881.92
2025 10 10 15:06:02 881.74
2025 10 10 15:06:03 881.74
2025 10 10 15:06:04 881.74
2025 10 10 15:06:05 881.55
2025 10 10 15:06:06 881.5
2025 10 10 15:06:07 881.51
2025 10 10 15:06:08 881.55
2025 10 10 15:06:09 881.66
2025 10 10 15:06:11 881.66
2025 10 10 15:06:12 881.66
2025 10 10 15:06:13 881.27
2025 10 10 15:06:14 880.78
2025 10 10 15:06:15 880.78
2025 10 10 15:06:16 880.78
2025 10 10 15:06:17 880.94
2025 10 10 15:06:18 881.07
2025 10 10 15:06:19 881.07
2025 10 10 15:06:20 881.07
2025 10 10 15:06:21 881.31
2025 10 10 15:06:22 881.38
2025 10 10 15:06:23 881.38
2025 10 10 15:06:24 881.39
2025 10 10 15:06:25 881.61
2025 10 10 15:06:26 881.62
2025 10 10 15:06:27 881.62
2025 10 10 15:06:29 881.69
2025 10 10 15:06:30 881.81
2025 10 10 15:06:31 881.83
2025 10 10 15:06:32 881.83
2025 10 10 15:06:33 881.87
2025 10 10 15:06:34 881.9
2025 10 10 15:06:35 881.9
2025 10 10 15:06:36 881.85
2025 10 10 15:06:37 881.35
2025 10 10 15:06:39 881.32
2025 10 10 15:06:40 881.32
2025 10 10 15:06:41 880.95
2025 10 10 15:06:42 880.38
2025 10 10 15:06:43 880.38
2025 10 10 15:06:44 880.38
2025 10 10 15:06:45 880.79
2025 10 10 15:06:46 880.93
2025 10 10 15:06:47 880.93
2025 10 10 15:06:48 880.92
2025 10 10 15:06:49 880.58
2025 10 10 15:06:50 880.48
2025 10 10 15:06:51 880.48
2025 10 10 15:06:52 880.49
2025 10 10 15:06:53 880.62
2025 10 10 15:06:54 880.64
2025 10 10 15:06:56 880.64
2025 10 10 15:06:57 880.57
2025 10 10 15:06:58 880.45
2025 10 10 15:06:59 880.45
2025 10 10 15:07:00 880.47
2025 10 10 15:07:01 880.14
2025 10 10 15:07:02 879.97
2025 10 10 15:07:03 879.96
2025 10 10 15:07:04 879.94
2025 10 10 15:07:05 879.69
2025 10 10 15:07:07 879.68
2025 10 10 15:07:08 879.68
2025 10 10 15:07:09 879.67
2025 10 10 15:07:10 879.62
2025 10 10 15:07:11 879.62
2025 10 10 15:07:12 879.61
2025 10 10 15:07:13 879.24
2025 10 10 15:07:14 878.97
2025 10 10 15:07:15 878.98
2025 10 10 15:07:16 878.97
2025 10 10 15:07:17 879.18
2025 10 10 15:07:19 879.24
2025 10 10 15:07:20 879.24
2025 10 10 15:07:21 879.22
2025 10 10 15:07:22 879.18
2025 10 10 15:07:23 879.18
2025 10 10 15:07:24 879.19
2025 10 10 15:07:25 879.86
2025 10 10 15:07:26 880.28
2025 10 10 15:07:27 880.27
2025 10 10 15:07:28 880.26
2025 10 10 15:07:30 880.32
2025 10 10 15:07:31 880.34
2025 10 10 15:07:32 880.34
2025 10 10 15:07:33 880.05
2025 10 10 15:07:34 879.48
2025 10 10 15:07:35 879.48
2025 10 10 15:07:36 879.48
2025 10 10 15:07:37 879.35
2025 10 10 15:07:39 879.3
2025 10 10 15:07:40 879.3
2025 10 10 15:07:41 879.31
2025 10 10 15:07:42 879.43
2025 10 10 15:07:43 879.44
2025 10 10 15:07:44 879.43
2025 10 10 15:07:45 879.08
2025 10 10 15:07:46 878.92
2025 10 10 15:07:48 878.91
2025 10 10 15:07:49 878.93
2025 10 10 15:07:50 879.29
2025 10 10 15:07:51 879.33
2025 10 10 15:07:52 879.34
2025 10 10 15:07:53 879.41
2025 10 10 15:07:54 879.77
2025 10 10 15:07:55 879.76
2025 10 10 15:07:56 879.76
2025 10 10 15:07:57 879.59
2025 10 10 15:07:58 879.28
2025 10 10 15:08:00 879.27
2025 10 10 15:08:01 879.27
2025 10 10 15:08:02 878.95
2025 10 10 15:08:03 878.87
2025 10 10 15:08:04 878.87
2025 10 10 15:08:05 878.91
2025 10 10 15:08:06 879.12
2025 10 10 15:08:07 879.12
2025 10 10 15:08:08 879.13
2025 10 10 15:08:09 878.97
2025 10 10 15:08:10 878.83
2025 10 10 15:08:11 878.84
2025 10 10 15:08:13 878.83
2025 10 10 15:08:14 878.65
2025 10 10 15:08:15 878.53
2025 10 10 15:08:16 878.53
2025 10 10 15:08:17 878.54
2025 10 10 15:08:18 878.97
2025 10 10 15:08:19 879.03
2025 10 10 15:08:20 879.03
2025 10 10 15:08:22 878.83
2025 10 10 15:08:23 878.65
2025 10 10 15:08:24 878.65
2025 10 10 15:08:25 878.65
2025 10 10 15:08:26 878.3
2025 10 10 15:08:27 878.21
2025 10 10 15:08:28 878.21
2025 10 10 15:08:29 878.2
2025 10 10 15:08:30 878.19
2025 10 10 15:08:32 878.19
2025 10 10 15:08:33 878.18
2025 10 10 15:08:34 877.96
2025 10 10 15:08:35 877.92
2025 10 10 15:08:36 877.92
2025 10 10 15:08:37 877.89
2025 10 10 15:08:38 877.56
2025 10 10 15:08:39 877.55
2025 10 10 15:08:40 877.56
2025 10 10 15:08:41 877.63
2025 10 10 15:08:43 877.79
2025 10 10 15:08:44 877.8
2025 10 10 15:08:45 877.8
2025 10 10 15:08:46 877.65
2025 10 10 15:08:47 877.55
2025 10 10 15:08:48 877.54
2025 10 10 15:08:49 877.53
2025 10 10 15:08:50 877.5
2025 10 10 15:08:51 877.5
2025 10 10 15:08:52 877.5
2025 10 10 15:08:54 877.55
2025 10 10 15:08:55 877.61
2025 10 10 15:08:56 877.6
2025 10 10 15:08:57 877.61
2025 10 10 15:08:58 877.97
2025 10 10 15:08:59 878.15
2025 10 10 15:09:00 878.15
2025 10 10 15:09:01 878.14
2025 10 10 15:09:02 877.71
2025 10 10 15:09:03 877.68
2025 10 10 15:09:05 877.68
2025 10 10 15:09:06 877.77
2025 10 10 15:09:07 877.85
2025 10 10 15:09:08 877.84
2025 10 10 15:09:09 877.84
2025 10 10 15:09:10 877.48
2025 10 10 15:09:11 877.35
2025 10 10 15:09:12 877.35
2025 10 10 15:09:14 877.26
2025 10 10 15:09:15 876.95
2025 10 10 15:09:16 876.95
2025 10 10 15:09:17 876.95
2025 10 10 15:09:18 877.16
2025 10 10 15:09:19 877.33
2025 10 10 15:09:20 877.32
2025 10 10 15:09:21 877.27
2025 10 10 15:09:23 876.75
2025 10 10 15:09:24 876.72
2025 10 10 15:09:25 876.72
2025 10 10 15:09:26 877.06
2025 10 10 15:09:27 877.33
2025 10 10 15:09:28 877.33
2025 10 10 15:09:30 877.36
2025 10 10 15:09:31 877.55
2025 10 10 15:09:32 877.55
2025 10 10 15:09:33 877.54
2025 10 10 15:09:34 877.12
2025 10 10 15:09:35 876.9
2025 10 10 15:09:37 876.9
2025 10 10 15:09:38 876.88
2025 10 10 15:09:39 876.82
2025 10 10 15:09:40 876.82
2025 10 10 15:09:41 876.82
2025 10 10 15:09:42 877.36
2025 10 10 15:09:43 877.69
2025 10 10 15:09:44 877.69
2025 10 10 15:09:45 877.68
2025 10 10 15:09:46 876.8
2025 10 10 15:09:47 876.51
2025 10 10 15:09:48 876.52
2025 10 10 15:09:50 876.54
2025 10 10 15:09:51 876.93
2025 10 10 15:09:52 876.98
2025 10 10 15:09:53 876.98
2025 10 10 15:09:54 876.88
2025 10 10 15:09:55 876.68
2025 10 10 15:09:56 876.69
2025 10 10 15:09:57 876.68
2025 10 10 15:09:58 877.0
2025 10 10 15:09:59 877.13
2025 10 10 15:10:01 877.13
2025 10 10 15:10:02 877.11
2025 10 10 15:10:03 876.66
2025 10 10 15:10:04 876.55
2025 10 10 15:10:05 876.54
2025 10 10 15:10:06 876.43
2025 10 10 15:10:07 876.02
2025 10 10 15:10:08 876.02
2025 10 10 15:10:09 876.02
2025 10 10 15:10:10 876.1
2025 10 10 15:10:11 876.14
2025 10 10 15:10:13 876.14
2025 10 10 15:10:14 876.15
2025 10 10 15:10:15 876.1
2025 10 10 15:10:16 876.1
2025 10 10 15:10:17 876.1
2025 10 10 15:10:18 876.03
2025 10 10 15:10:20 876.0
2025 10 10 15:10:21 876.01
2025 10 10 15:10:22 876.01
2025 10 10 15:10:23 875.89
2025 10 10 15:10:24 875.83
2025 10 10 15:10:25 875.83
2025 10 10 15:10:26 875.83
2025 10 10 15:10:27 875.66
2025 10 10 15:10:28 875.65
2025 10 10 15:10:29 875.65
2025 10 10 15:10:30 875.63
2025 10 10 15:10:31 875.6
2025 10 10 15:10:32 875.61
2025 10 10 15:10:33 875.61
2025 10 10 15:10:34 875.34
2025 10 10 15:10:36 875.23
2025 10 10 15:10:37 875.23
2025 10 10 15:10:38 875.21
2025 10 10 15:10:39 875.07
2025 10 10 15:10:40 875.05
2025 10 10 15:10:41 875.06
2025 10 10 15:10:42 875.0
2025 10 10 15:10:43 874.82
2025 10 10 15:10:44 874.82
2025 10 10 15:10:45 874.82
2025 10 10 15:10:46 874.7
2025 10 10 15:10:47 874.55
2025 10 10 15:10:48 874.55
2025 10 10 15:10:50 874.56
2025 10 10 15:10:51 874.8
2025 10 10 15:10:52 874.87
2025 10 10 15:10:53 874.87
2025 10 10 15:10:54 874.7
2025 10 10 15:10:56 874.3
2025 10 10 15:10:57 874.3
2025 10 10 15:10:58 874.29
2025 10 10 15:10:59 874.42
2025 10 10 15:11:00 874.47
2025 10 10 15:11:01 874.47
2025 10 10 15:11:02 874.57
2025 10 10 15:11:03 874.89
2025 10 10 15:11:05 874.89
2025 10 10 15:11:06 874.89
2025 10 10 15:11:07 874.76
2025 10 10 15:11:08 874.68
2025 10 10 15:11:09 874.69
2025 10 10 15:11:10 874.68
2025 10 10 15:11:11 874.95
2025 10 10 15:11:12 874.97
2025 10 10 15:11:13 874.97
2025 10 10 15:11:14 874.85
2025 10 10 15:11:16 874.61
2025 10 10 15:11:17 874.62
2025 10 10 15:11:18 874.62
2025 10 10 15:11:19 874.39
2025 10 10 15:11:20 874.32
2025 10 10 15:11:21 874.32
2025 10 10 15:11:22 874.36
2025 10 10 15:11:24 874.44
2025 10 10 15:11:25 874.44
2025 10 10 15:11:26 874.44
2025 10 10 15:11:27 874.15
2025 10 10 15:11:28 874.03
2025 10 10 15:11:29 874.03
2025 10 10 15:11:30 874.04
2025 10 10 15:11:31 874.23
2025 10 10 15:11:32 874.24
2025 10 10 15:11:34 874.24
2025 10 10 15:11:35 874.26
2025 10 10 15:11:36 874.3
2025 10 10 15:11:37 874.3
2025 10 10 15:11:38 874.31
2025 10 10 15:11:39 873.66
2025 10 10 15:11:40 873.27
2025 10 10 15:11:41 873.27
2025 10 10 15:11:42 873.27
2025 10 10 15:11:43 873.48
2025 10 10 15:11:44 873.53
2025 10 10 15:11:45 873.53
2025 10 10 15:11:47 873.4
2025 10 10 15:11:48 873.01
2025 10 10 15:11:49 873.0
2025 10 10 15:11:50 873.0
2025 10 10 15:11:51 873.18
2025 10 10 15:11:52 873.32
2025 10 10 15:11:53 873.33
2025 10 10 15:11:54 873.33
2025 10 10 15:11:55 873.53
2025 10 10 15:11:56 873.58
2025 10 10 15:11:58 873.58
2025 10 10 15:11:59 873.39
2025 10 10 15:12:00 872.69
2025 10 10 15:12:01 872.69
2025 10 10 15:12:02 872.69
2025 10 10 15:12:03 872.58
2025 10 10 15:12:04 872.49
2025 10 10 15:12:05 872.49
2025 10 10 15:12:06 872.49
2025 10 10 15:12:08 873.74
2025 10 10 15:12:09 873.87
2025 10 10 15:12:10 873.87
2025 10 10 15:12:11 873.46
2025 10 10 15:12:12 872.57
2025 10 10 15:12:13 872.57
2025 10 10 15:12:14 872.56
2025 10 10 15:12:15 872.46
2025 10 10 15:12:16 872.42
2025 10 10 15:12:18 872.43
2025 10 10 15:12:19 872.61
2025 10 10 15:12:20 873.15
2025 10 10 15:12:21 873.16
2025 10 10 15:12:22 873.16
2025 10 10 15:12:23 872.81
2025 10 10 15:12:24 872.64
2025 10 10 15:12:26 872.64
2025 10 10 15:12:27 872.64
2025 10 10 15:12:28 872.64
2025 10 10 15:12:29 872.63
2025 10 10 15:12:30 872.63
2025 10 10 15:12:31 872.18
2025 10 10 15:12:32 871.98
2025 10 10 15:12:33 871.98
2025 10 10 15:12:34 871.98
2025 10 10 15:12:36 872.23
2025 10 10 15:12:37 872.3
2025 10 10 15:12:38 872.3
2025 10 10 15:12:39 872.33
2025 10 10 15:12:40 872.41
2025 10 10 15:12:41 872.41
2025 10 10 15:12:42 872.42
2025 10 10 15:12:44 871.94
2025 10 10 15:12:45 871.87
2025 10 10 15:12:46 871.86
2025 10 10 15:12:47 871.95
2025 10 10 15:12:48 872.06
2025 10 10 15:12:49 872.06
2025 10 10 15:12:51 872.06
2025 10 10 15:12:52 872.32
2025 10 10 15:12:53 872.43
2025 10 10 15:12:54 872.43
2025 10 10 15:12:55 872.38
2025 10 10 15:12:56 872.25
2025 10 10 15:12:57 872.25
2025 10 10 15:12:58 872.24
2025 10 10 15:13:00 871.75
2025 10 10 15:13:01 871.6
2025 10 10 15:13:02 871.6
2025 10 10 15:13:03 871.69
2025 10 10 15:13:04 872.01
2025 10 10 15:13:05 872.01
2025 10 10 15:13:06 872.0
2025 10 10 15:13:07 872.35
2025 10 10 15:13:08 872.81
2025 10 10 15:13:10 872.81
2025 10 10 15:13:11 872.8
2025 10 10 15:13:12 872.59
2025 10 10 15:13:13 872.55
2025 10 10 15:13:14 872.56
2025 10 10 15:13:15 872.31
2025 10 10 15:13:17 872.07
2025 10 10 15:13:18 872.07
2025 10 10 15:13:19 872.07
2025 10 10 15:13:20 871.86
2025 10 10 15:13:21 871.83
2025 10 10 15:13:22 871.84
2025 10 10 15:13:23 871.88
2025 10 10 15:13:24 872.09
2025 10 10 15:13:26 872.09
2025 10 10 15:13:27 872.09
2025 10 10 15:13:28 872.05
2025 10 10 15:13:29 872.03
2025 10 10 15:13:30 872.03
2025 10 10 15:13:31 872.01
2025 10 10 15:13:32 871.73
2025 10 10 15:13:33 871.72
2025 10 10 15:13:34 871.71
2025 10 10 15:13:51 870.92
2025 10 10 15:13:52 870.8
2025 10 10 15:13:53 870.77
2025 10 10 15:13:54 870.78
2025 10 10 15:13:55 870.76
2025 10 10 15:13:56 870.69
2025 10 10 15:13:58 870.69
2025 10 10 15:13:59 870.69
2025 10 10 15:14:00 870.54
2025 10 10 15:14:01 870.46
2025 10 10 15:14:02 870.46
2025 10 10 15:14:04 870.44
2025 10 10 15:14:05 870.43
2025 10 10 15:14:06 870.43
2025 10 10 15:14:07 870.42
2025 10 10 15:14:08 870.34
2025 10 10 15:14:09 870.32
2025 10 10 15:14:11 870.33
2025 10 10 15:14:12 870.32
2025 10 10 15:14:13 870.29
2025 10 10 15:14:14 870.29
2025 10 10 15:14:15 870.29
2025 10 10 15:14:16 870.41
2025 10 10 15:14:17 870.45
2025 10 10 15:14:19 870.45
2025 10 10 15:14:20 870.36
2025 10 10 15:14:21 870.15
2025 10 10 15:14:22 870.15
2025 10 10 15:14:23 870.16
2025 10 10 15:14:24 869.6
2025 10 10 15:14:25 869.41
2025 10 10 15:14:27 869.41
2025 10 10 15:14:28 869.57
2025 10 10 15:14:29 869.99
2025 10 10 15:14:30 869.99
2025 10 10 15:14:31 869.98
2025 10 10 15:14:32 869.08
2025 10 10 15:14:33 868.79
2025 10 10 15:14:35 868.79
2025 10 10 15:14:36 869.02
2025 10 10 15:14:37 869.54
2025 10 10 15:14:38 869.54
2025 10 10 15:14:39 869.56
2025 10 10 15:14:40 869.77
2025 10 10 15:14:42 869.83
2025 10 10 15:14:43 869.81
2025 10 10 15:14:44 869.5
2025 10 10 15:14:45 868.78
2025 10 10 15:14:46 868.79
2025 10 10 15:14:47 868.79
2025 10 10 15:14:48 868.6
2025 10 10 15:14:49 868.3
2025 10 10 15:14:50 868.3
2025 10 10 15:14:51 868.3
2025 10 10 15:14:52 868.56
2025 10 10 15:14:53 868.65
2025 10 10 15:14:55 868.64
2025 10 10 15:14:56 868.62
2025 10 10 15:14:57 868.54
2025 10 10 15:14:58 868.54
2025 10 10 15:14:59 868.53
2025 10 10 15:15:00 868.52
2025 10 10 15:15:01 868.44
2025 10 10 15:15:02 868.44
2025 10 10 15:15:04 868.44
2025 10 10 15:15:05 868.07
2025 10 10 15:15:06 868.04
2025 10 10 15:15:07 868.04
2025 10 10 15:15:08 868.48
2025 10 10 15:15:09 869.03
2025 10 10 15:15:10 869.03
2025 10 10 15:15:12 869.03
2025 10 10 15:15:13 869.2
2025 10 10 15:15:14 869.21
2025 10 10 15:15:15 869.22
2025 10 10 15:15:16 868.52
2025 10 10 15:15:17 867.67
2025 10 10 15:15:19 867.67
2025 10 10 15:15:20 867.67
2025 10 10 15:15:21 868.42
2025 10 10 15:15:22 868.51
2025 10 10 15:15:23 868.51
2025 10 10 15:15:24 868.24
2025 10 10 15:15:25 867.84
2025 10 10 15:15:27 867.84
2025 10 10 15:15:28 867.85
2025 10 10 15:15:29 867.7
2025 10 10 15:15:30 867.64
2025 10 10 15:15:31 867.65
2025 10 10 15:15:32 867.82
2025 10 10 15:15:33 868.15
2025 10 10 15:15:35 868.15
2025 10 10 15:15:36 868.15
2025 10 10 15:15:37 867.7
2025 10 10 15:15:38 867.43
2025 10 10 15:15:39 867.43
2025 10 10 15:15:40 867.33
2025 10 10 15:15:41 866.39
2025 10 10 15:15:42 866.4
2025 10 10 15:15:43 866.4
2025 10 10 15:15:45 866.93
2025 10 10 15:15:46 867.27
2025 10 10 15:15:47 867.26
2025 10 10 15:15:48 867.27
2025 10 10 15:15:49 866.65
2025 10 10 15:15:50 866.5
2025 10 10 15:15:51 866.5
2025 10 10 15:15:52 866.51
2025 10 10 15:15:53 866.69
2025 10 10 15:15:54 866.7
2025 10 10 15:15:55 866.7
2025 10 10 15:15:57 866.75
2025 10 10 15:15:58 866.79
2025 10 10 15:15:59 866.79
2025 10 10 15:16:00 866.76
2025 10 10 15:16:01 866.31
2025 10 10 15:16:02 866.27
2025 10 10 15:16:03 866.28
2025 10 10 15:16:04 866.27
2025 10 10 15:16:06 866.25
2025 10 10 15:16:07 866.25
2025 10 10 15:16:08 866.26
2025 10 10 15:16:09 865.8
2025 10 10 15:16:10 865.61
2025 10 10 15:16:11 865.61
2025 10 10 15:16:12 865.6
2025 10 10 15:16:13 866.07
2025 10 10 15:16:14 866.12
2025 10 10 15:16:15 866.12
2025 10 10 15:16:17 865.89
2025 10 10 15:16:18 865.54
2025 10 10 15:16:19 865.55
2025 10 10 15:16:20 865.55
2025 10 10 15:16:21 865.27
2025 10 10 15:16:22 865.25
2025 10 10 15:16:23 865.24
2025 10 10 15:16:25 865.3
2025 10 10 15:16:26 865.46
2025 10 10 15:16:27 865.46
2025 10 10 15:16:28 865.44
2025 10 10 15:16:29 865.14
2025 10 10 15:16:30 865.14
2025 10 10 15:16:32 865.14
2025 10 10 15:16:33 865.01
2025 10 10 15:16:34 864.88
2025 10 10 15:16:35 864.88
2025 10 10 15:16:36 864.89
2025 10 10 15:16:37 865.68
2025 10 10 15:16:38 865.99
2025 10 10 15:16:39 865.99
2025 10 10 15:16:41 865.92
2025 10 10 15:16:42 865.71
2025 10 10 15:16:43 865.7
2025 10 10 15:16:44 865.7
2025 10 10 15:16:45 865.0
2025 10 10 15:16:46 864.81
2025 10 10 15:16:48 864.82
2025 10 10 15:16:49 864.9
2025 10 10 15:16:50 865.42
2025 10 10 15:16:51 865.42
2025 10 10 15:16:52 865.41
2025 10 10 15:16:53 865.17
2025 10 10 15:16:54 864.95
2025 10 10 15:16:55 864.95
2025 10 10 15:16:56 864.95
2025 10 10 15:16:57 864.6
2025 10 10 15:16:58 864.48
2025 10 10 15:17:00 864.48
2025 10 10 15:17:01 864.46
2025 10 10 15:17:02 864.53
2025 10 10 15:17:03 864.53
2025 10 10 15:17:04 864.54
2025 10 10 15:17:05 864.47
2025 10 10 15:17:06 864.34
2025 10 10 15:17:07 864.34
2025 10 10 15:17:08 864.34
2025 10 10 15:17:09 864.23
2025 10 10 15:17:10 864.14
2025 10 10 15:17:11 864.13
2025 10 10 15:17:12 864.14
2025 10 10 15:17:13 864.26
2025 10 10 15:17:15 864.33
2025 10 10 15:17:16 864.33
2025 10 10 15:17:17 864.26
2025 10 10 15:17:18 863.7
2025 10 10 15:17:19 863.71
2025 10 10 15:17:20 863.71
2025 10 10 15:17:21 864.28
2025 10 10 15:17:22 864.63
2025 10 10 15:17:23 864.63
2025 10 10 15:17:25 864.63
2025 10 10 15:17:26 865.16
2025 10 10 15:17:27 865.27
2025 10 10 15:17:28 865.27
2025 10 10 15:17:29 865.11
2025 10 10 15:17:30 864.2
2025 10 10 15:17:31 864.15
2025 10 10 15:17:32 864.15
2025 10 10 15:17:33 864.28
2025 10 10 15:17:35 864.36
2025 10 10 15:17:36 864.36
2025 10 10 15:17:37 864.35
2025 10 10 15:17:38 864.0
2025 10 10 15:17:39 863.94
2025 10 10 15:17:40 863.95
2025 10 10 15:17:41 863.97
2025 10 10 15:17:42 864.03
2025 10 10 15:17:43 864.03
2025 10 10 15:17:45 864.03
2025 10 10 15:17:46 863.88
2025 10 10 15:17:47 863.86
2025 10 10 15:17:48 863.86
2025 10 10 15:17:49 863.63
2025 10 10 15:17:50 863.34
2025 10 10 15:17:51 863.34
2025 10 10 15:17:53 863.34
2025 10 10 15:17:54 863.75
2025 10 10 15:17:55 863.94
2025 10 10 15:17:56 863.94
2025 10 10 15:17:57 863.57
2025 10 10 15:17:58 862.91
2025 10 10 15:17:59 862.91
2025 10 10 15:18:00 862.92
2025 10 10 15:18:01 862.93
2025 10 10 15:18:02 862.9
2025 10 10 15:18:03 862.88
2025 10 10 15:18:04 862.88
2025 10 10 15:18:05 862.86
2025 10 10 15:18:06 862.83
2025 10 10 15:18:07 862.83
2025 10 10 15:18:08 862.83
2025 10 10 15:18:10 862.64
2025 10 10 15:18:11 862.51
2025 10 10 15:18:12 862.51
2025 10 10 15:18:13 862.52
2025 10 10 15:18:14 862.53
2025 10 10 15:18:15 862.52
2025 10 10 15:18:17 862.53
2025 10 10 15:18:18 862.21
2025 10 10 15:18:19 861.9
2025 10 10 15:18:20 861.9
2025 10 10 15:18:21 861.91
2025 10 10 15:18:22 862.15
2025 10 10 15:18:23 862.16
2025 10 10 15:18:25 862.16
2025 10 10 15:18:26 861.23
2025 10 10 15:18:27 860.29
2025 10 10 15:18:28 860.28
2025 10 10 15:18:29 860.28
2025 10 10 15:18:30 861.43
2025 10 10 15:18:31 861.66
2025 10 10 15:18:32 861.66
2025 10 10 15:18:33 861.59
2025 10 10 15:18:35 861.45
2025 10 10 15:18:36 861.45
2025 10 10 15:18:37 861.46
2025 10 10 15:18:38 861.02
2025 10 10 15:18:39 860.83
2025 10 10 15:18:40 860.82
2025 10 10 15:18:41 860.69
2025 10 10 15:18:42 860.21
2025 10 10 15:18:43 860.21
2025 10 10 15:18:45 860.21
2025 10 10 15:18:46 860.1
2025 10 10 15:18:47 859.94
2025 10 10 15:18:48 859.94
2025 10 10 15:18:49 859.94
2025 10 10 15:18:50 859.63
2025 10 10 15:18:51 859.48
2025 10 10 15:18:52 859.48
2025 10 10 15:18:54 859.47
2025 10 10 15:18:55 859.47
2025 10 10 15:18:56 859.47
2025 10 10 15:18:57 859.47
2025 10 10 15:18:58 859.66
2025 10 10 15:18:59 859.76
2025 10 10 15:19:00 859.76
2025 10 10 15:19:02 859.8
2025 10 10 15:19:03 859.86
2025 10 10 15:19:04 859.87
2025 10 10 15:19:05 859.88
2025 10 10 15:19:06 859.8
2025 10 10 15:19:07 859.78
2025 10 10 15:19:08 859.78
2025 10 10 15:19:09 859.77
2025 10 10 15:19:10 859.13
2025 10 10 15:19:11 859.04
2025 10 10 15:19:13 859.05
2025 10 10 15:19:14 858.97
2025 10 10 15:19:15 858.63
2025 10 10 15:19:16 858.62
2025 10 10 15:19:17 858.62
2025 10 10 15:19:18 858.65
2025 10 10 15:19:19 858.7
2025 10 10 15:19:20 858.7
2025 10 10 15:19:21 858.75
2025 10 10 15:19:22 859.33
2025 10 10 15:19:24 859.38
2025 10 10 15:19:25 859.38
2025 10 10 15:19:26 859.18
2025 10 10 15:19:27 858.63
2025 10 10 15:19:28 858.64
2025 10 10 15:19:29 858.64
2025 10 10 15:19:30 858.42
2025 10 10 15:19:31 858.25
2025 10 10 15:19:33 858.25
2025 10 10 15:19:34 858.27
2025 10 10 15:19:35 858.41
2025 10 10 15:19:36 858.41
2025 10 10 15:19:37 858.41
2025 10 10 15:19:38 857.83
2025 10 10 15:19:39 857.75
2025 10 10 15:19:40 857.75
2025 10 10 15:19:42 857.76
2025 10 10 15:19:43 857.79
2025 10 10 15:19:44 857.79
2025 10 10 15:19:45 857.78
2025 10 10 15:19:46 857.95
2025 10 10 15:19:47 858.05
2025 10 10 15:19:49 858.05
2025 10 10 15:19:50 857.99
2025 10 10 15:19:51 857.78
2025 10 10 15:19:52 857.78
2025 10 10 15:19:53 857.77
2025 10 10 15:19:55 857.29
2025 10 10 15:19:56 857.23
2025 10 10 15:19:57 857.24
2025 10 10 15:19:58 857.22
2025 10 10 15:19:59 857.06
2025 10 10 15:20:00 857.06
2025 10 10 15:20:01 857.05
2025 10 10 15:20:03 857.77
2025 10 10 15:20:04 858.16
2025 10 10 15:20:05 858.16
2025 10 10 15:20:06 858.18
2025 10 10 15:20:07 858.39
2025 10 10 15:20:08 858.39
2025 10 10 15:20:09 858.4
2025 10 10 15:20:10 858.33
2025 10 10 15:20:11 858.14
2025 10 10 15:20:13 858.14
2025 10 10 15:20:14 858.13
2025 10 10 15:20:15 858.3
2025 10 10 15:20:16 858.32
2025 10 10 15:20:17 858.33
2025 10 10 15:20:18 858.16
2025 10 10 15:20:19 856.95
2025 10 10 15:20:20 856.94
2025 10 10 15:20:21 856.93
2025 10 10 15:20:23 857.53
2025 10 10 15:20:24 857.82
2025 10 10 15:20:25 857.83
2025 10 10 15:20:26 857.82
2025 10 10 15:20:27 857.83
2025 10 10 15:20:28 857.83
2025 10 10 15:20:29 857.83
2025 10 10 15:20:31 857.25
2025 10 10 15:20:32 856.76
2025 10 10 15:20:33 856.76
2025 10 10 15:20:34 856.81
2025 10 10 15:20:35 857.13
2025 10 10 15:20:36 857.13
2025 10 10 15:20:37 857.13
2025 10 10 15:20:39 856.91
2025 10 10 15:20:40 856.73
2025 10 10 15:20:41 856.74
2025 10 10 15:20:42 856.74
2025 10 10 15:20:43 857.34
2025 10 10 15:20:44 857.44
2025 10 10 15:20:45 857.44
2025 10 10 15:20:46 857.47
2025 10 10 15:20:47 858.15
2025 10 10 15:20:48 858.21
2025 10 10 15:20:49 858.21
2025 10 10 15:20:51 858.11
2025 10 10 15:20:52 857.96
2025 10 10 15:20:53 857.96
2025 10 10 15:20:54 857.96
2025 10 10 15:20:55 857.84
2025 10 10 15:20:56 857.69
2025 10 10 15:20:57 857.69
2025 10 10 15:20:58 857.69
2025 10 10 15:20:59 857.76
2025 10 10 15:21:01 857.76
2025 10 10 15:21:02 857.76
2025 10 10 15:21:03 857.56
2025 10 10 15:21:04 857.37
2025 10 10 15:21:05 857.37
2025 10 10 15:21:06 857.37
2025 10 10 15:21:07 857.73
2025 10 10 15:21:08 857.78
2025 10 10 15:21:09 857.78
2025 10 10 15:21:11 857.93
2025 10 10 15:21:12 858.3
2025 10 10 15:21:13 858.3
2025 10 10 15:21:14 858.3
2025 10 10 15:21:15 857.7
2025 10 10 15:21:16 857.23
2025 10 10 15:21:17 857.24
2025 10 10 15:21:18 857.28
2025 10 10 15:21:19 857.66
2025 10 10 15:21:21 857.69
2025 10 10 15:21:22 857.69
2025 10 10 15:21:23 856.81
2025 10 10 15:21:24 856.44
2025 10 10 15:21:25 856.44
2025 10 10 15:21:26 856.42
2025 10 10 15:21:27 856.26
2025 10 10 15:21:29 856.24
2025 10 10 15:21:30 856.25
2025 10 10 15:21:31 856.37
2025 10 10 15:21:32 856.5
2025 10 10 15:21:33 856.5
2025 10 10 15:21:34 856.47
2025 10 10 15:21:35 855.83
2025 10 10 15:21:37 855.84
2025 10 10 15:21:38 855.84
2025 10 10 15:21:39 855.8
2025 10 10 15:21:40 855.77
2025 10 10 15:21:41 855.77
2025 10 10 15:21:42 855.77
2025 10 10 15:21:43 855.64
2025 10 10 15:21:44 855.57
2025 10 10 15:21:46 855.57
2025 10 10 15:21:47 855.72
2025 10 10 15:21:48 855.9
2025 10 10 15:21:49 855.91
2025 10 10 15:21:50 855.91
2025 10 10 15:21:51 855.64
2025 10 10 15:21:52 855.53
2025 10 10 15:21:53 855.53
2025 10 10 15:21:55 855.5
2025 10 10 15:21:56 855.0
2025 10 10 15:21:57 854.98
2025 10 10 15:21:58 854.98
2025 10 10 15:21:59 855.13
2025 10 10 15:22:00 855.36
2025 10 10 15:22:01 855.36
2025 10 10 15:22:02 855.36
2025 10 10 15:22:03 854.93
2025 10 10 15:22:04 854.5
2025 10 10 15:22:05 854.5
2025 10 10 15:22:06 854.49
2025 10 10 15:22:08 854.25
2025 10 10 15:22:09 854.22
2025 10 10 15:22:10 854.22
2025 10 10 15:22:11 853.82
2025 10 10 15:22:12 853.42
2025 10 10 15:22:13 853.42
2025 10 10 15:22:14 853.43
2025 10 10 15:22:16 854.3
2025 10 10 15:22:17 854.4
2025 10 10 15:22:18 854.39
2025 10 10 15:22:19 854.48
2025 10 10 15:22:20 854.59
2025 10 10 15:22:21 854.59
2025 10 10 15:22:23 854.6
2025 10 10 15:22:24 854.63
2025 10 10 15:22:25 854.62
2025 10 10 15:22:26 854.62
2025 10 10 15:22:27 854.6
2025 10 10 15:22:28 854.58
2025 10 10 15:22:29 854.58
2025 10 10 15:22:30 854.58
2025 10 10 15:22:32 854.48
2025 10 10 15:22:33 854.45
2025 10 10 15:22:34 854.44
2025 10 10 15:22:35 854.47
2025 10 10 15:22:36 854.64
2025 10 10 15:22:37 854.64
2025 10 10 15:22:38 854.64
2025 10 10 15:22:39 854.45
2025 10 10 15:22:40 854.29
2025 10 10 15:22:42 854.29
2025 10 10 15:22:43 854.29
2025 10 10 15:22:44 854.01
2025 10 10 15:22:45 853.98
2025 10 10 15:22:46 853.98
2025 10 10 15:22:47 854.34
2025 10 10 15:22:49 854.78
2025 10 10 15:22:50 854.77
2025 10 10 15:22:51 854.77
2025 10 10 15:22:52 855.7
2025 10 10 15:22:53 855.77
2025 10 10 15:22:54 855.77
2025 10 10 15:22:55 855.14
2025 10 10 15:22:56 853.68
2025 10 10 15:22:57 853.67
2025 10 10 15:22:59 853.67
2025 10 10 15:23:00 854.55
2025 10 10 15:23:01 854.64
2025 10 10 15:23:02 854.65
2025 10 10 15:23:04 854.93
2025 10 10 15:23:05 855.25
2025 10 10 15:23:06 855.26
2025 10 10 15:23:07 855.25
2025 10 10 15:23:08 855.12
2025 10 10 15:23:09 855.09
2025 10 10 15:23:10 855.09
2025 10 10 15:23:11 854.82
2025 10 10 15:23:13 854.49
2025 10 10 15:23:14 854.49
2025 10 10 15:23:15 854.49
2025 10 10 15:23:16 853.92
2025 10 10 15:23:17 853.79
2025 10 10 15:23:18 853.79
2025 10 10 15:23:19 853.76
2025 10 10 15:23:20 853.7
2025 10 10 15:23:22 853.69
2025 10 10 15:23:23 853.69
2025 10 10 15:23:24 853.55
2025 10 10 15:23:25 853.53
2025 10 10 15:23:26 853.54
2025 10 10 15:23:27 853.53
2025 10 10 15:23:28 853.47
2025 10 10 15:23:30 853.47
2025 10 10 15:23:31 853.47
2025 10 10 15:23:32 853.69
2025 10 10 15:23:33 853.85
2025 10 10 15:23:34 853.85
2025 10 10 15:23:35 853.89
2025 10 10 15:23:36 854.8
2025 10 10 15:23:38 854.92
2025 10 10 15:23:39 854.92
2025 10 10 15:23:40 854.65
2025 10 10 15:23:41 854.31
2025 10 10 15:23:42 854.3
2025 10 10 15:23:43 854.28
2025 10 10 15:23:44 853.78
2025 10 10 15:23:46 853.76
2025 10 10 15:23:47 853.76
2025 10 10 15:23:48 853.88
2025 10 10 15:23:49 853.95
2025 10 10 15:23:50 853.95
2025 10 10 15:23:51 853.93
2025 10 10 15:23:53 853.83
2025 10 10 15:23:54 853.83
2025 10 10 15:23:55 853.83
2025 10 10 15:23:56 853.8
2025 10 10 15:23:57 853.79
2025 10 10 15:23:59 853.79
2025 10 10 15:24:00 853.81
2025 10 10 15:24:01 853.83
2025 10 10 15:24:02 853.83
2025 10 10 15:24:03 853.83
2025 10 10 15:24:04 853.86
2025 10 10 15:24:05 853.91
2025 10 10 15:24:06 853.91
2025 10 10 15:24:08 853.9
2025 10 10 15:24:09 853.79
2025 10 10 15:24:10 853.78
2025 10 10 15:24:11 853.79
2025 10 10 15:24:12 853.52
2025 10 10 15:24:13 853.36
2025 10 10 15:24:14 853.37
2025 10 10 15:24:15 853.43
2025 10 10 15:24:17 854.37
2025 10 10 15:24:18 854.43
2025 10 10 15:24:19 854.43
2025 10 10 15:24:20 854.01
2025 10 10 15:24:21 853.74
2025 10 10 15:24:22 853.74
2025 10 10 15:24:23 853.74
2025 10 10 15:24:25 853.53
2025 10 10 15:24:26 853.5
2025 10 10 15:24:27 853.51
2025 10 10 15:24:28 853.55
2025 10 10 15:24:29 853.55
2025 10 10 15:24:30 853.55
2025 10 10 15:24:32 853.48
2025 10 10 15:24:33 852.75
2025 10 10 15:24:34 852.72
2025 10 10 15:24:35 852.72
2025 10 10 15:24:36 852.51
2025 10 10 15:24:37 852.11
2025 10 10 15:24:38 852.11
2025 10 10 15:24:39 852.1
2025 10 10 15:24:41 852.64
2025 10 10 15:24:42 852.72
2025 10 10 15:24:43 852.73
2025 10 10 15:24:44 852.85
2025 10 10 15:24:45 853.0
2025 10 10 15:24:46 853.0
2025 10 10 15:24:48 853.0
2025 10 10 15:24:49 852.4
2025 10 10 15:24:50 852.33
2025 10 10 15:24:51 852.33
2025 10 10 15:24:52 852.63
2025 10 10 15:24:53 852.93
2025 10 10 15:24:55 852.93
2025 10 10 15:24:56 852.93
2025 10 10 15:24:57 852.29
2025 10 10 15:24:58 852.13
2025 10 10 15:24:59 852.13
2025 10 10 15:25:00 852.17
2025 10 10 15:25:01 852.81
2025 10 10 15:25:02 852.86
2025 10 10 15:25:03 852.87
2025 10 10 15:25:04 852.91
2025 10 10 15:25:05 852.99
2025 10 10 15:25:06 852.99
2025 10 10 15:25:08 852.99
2025 10 10 15:25:09 852.05
2025 10 10 15:25:10 851.92
2025 10 10 15:25:11 851.92
2025 10 10 15:25:12 851.93
2025 10 10 15:25:13 852.1
2025 10 10 15:25:14 852.12
2025 10 10 15:25:15 852.12
2025 10 10 15:25:16 852.05
2025 10 10 15:25:18 852.0
2025 10 10 15:25:19 852.0
2025 10 10 15:25:20 851.99
2025 10 10 15:25:21 852.05
2025 10 10 15:25:22 852.04
2025 10 10 15:25:23 852.04
2025 10 10 15:25:24 851.99
2025 10 10 15:25:25 851.84
2025 10 10 15:25:26 851.84
2025 10 10 15:25:28 851.84
2025 10 10 15:25:29 851.4
2025 10 10 15:25:30 851.08
2025 10 10 15:25:31 851.07
2025 10 10 15:25:32 851.15
2025 10 10 15:25:33 851.67
2025 10 10 15:25:34 851.67
2025 10 10 15:25:36 851.67
2025 10 10 15:25:37 851.68
2025 10 10 15:25:38 851.68
2025 10 10 15:25:39 851.68
2025 10 10 15:25:40 851.64
2025 10 10 15:25:41 851.47
2025 10 10 15:25:42 851.47
2025 10 10 15:25:44 851.47
2025 10 10 15:25:45 851.18
2025 10 10 15:25:46 850.85
2025 10 10 15:25:47 850.85
2025 10 10 15:25:48 850.82
2025 10 10 15:25:49 850.63
2025 10 10 15:25:50 850.62
2025 10 10 15:25:51 850.62
2025 10 10 15:25:52 850.42
2025 10 10 15:25:54 850.09
2025 10 10 15:25:55 850.09
2025 10 10 15:25:56 850.1
2025 10 10 15:25:57 850.76
2025 10 10 15:25:58 850.82
2025 10 10 15:26:00 850.82
2025 10 10 15:26:01 850.66
2025 10 10 15:26:02 850.27
2025 10 10 15:26:03 850.26
2025 10 10 15:26:04 850.26
2025 10 10 15:26:05 849.93
2025 10 10 15:26:06 849.91
2025 10 10 15:26:08 849.9
2025 10 10 15:26:09 849.98
2025 10 10 15:26:10 850.19
2025 10 10 15:26:11 850.18
2025 10 10 15:26:12 850.19
2025 10 10 15:26:13 849.51
2025 10 10 15:26:14 849.21
2025 10 10 15:26:15 849.21
2025 10 10 15:26:16 849.23
2025 10 10 15:26:17 849.59
2025 10 10 15:26:19 849.59
2025 10 10 15:26:20 849.59
2025 10 10 15:26:21 849.98
2025 10 10 15:26:22 850.35
2025 10 10 15:26:23 850.35
2025 10 10 15:26:24 850.35
2025 10 10 15:26:25 849.26
2025 10 10 15:26:26 849.11
2025 10 10 15:26:27 849.11
2025 10 10 15:26:29 849.53
2025 10 10 15:26:30 850.31
2025 10 10 15:26:31 850.3
2025 10 10 15:26:32 850.24
2025 10 10 15:26:33 849.12
2025 10 10 15:26:35 848.99
2025 10 10 15:26:36 848.99
2025 10 10 15:26:37 849.28
2025 10 10 15:26:38 849.64
2025 10 10 15:26:39 849.64
2025 10 10 15:26:40 849.64
2025 10 10 15:26:42 849.58
2025 10 10 15:26:43 849.57
2025 10 10 15:26:44 849.57
2025 10 10 15:26:45 849.1
2025 10 10 15:26:46 848.37
2025 10 10 15:26:47 848.37
2025 10 10 15:26:48 848.37
2025 10 10 15:26:49 848.76
2025 10 10 15:26:50 848.85
2025 10 10 15:26:52 848.84
2025 10 10 15:26:53 848.85
2025 10 10 15:26:54 848.87
2025 10 10 15:26:55 848.87
2025 10 10 15:26:56 848.87
2025 10 10 15:26:57 849.58
2025 10 10 15:26:59 849.71
2025 10 10 15:27:00 849.71
2025 10 10 15:27:01 849.29
2025 10 10 15:27:02 848.77
2025 10 10 15:27:03 848.77
2025 10 10 15:27:04 848.77
2025 10 10 15:27:06 849.17
2025 10 10 15:27:07 849.21
2025 10 10 15:27:08 849.21
2025 10 10 15:27:09 849.0
2025 10 10 15:27:10 848.32
2025 10 10 15:27:11 848.33
2025 10 10 15:27:12 848.33
2025 10 10 15:27:13 848.63
2025 10 10 15:27:14 848.93
2025 10 10 15:27:15 848.92
2025 10 10 15:27:17 848.87
2025 10 10 15:27:18 848.02
2025 10 10 15:27:19 847.97
2025 10 10 15:27:20 847.98
2025 10 10 15:27:21 848.13
2025 10 10 15:27:23 848.25
2025 10 10 15:27:24 848.25
2025 10 10 15:27:25 848.23
2025 10 10 15:27:26 848.12
2025 10 10 15:27:27 848.14
2025 10 10 15:27:28 848.14
2025 10 10 15:27:29 848.68
2025 10 10 15:27:30 849.94
2025 10 10 15:27:31 849.94
2025 10 10 15:27:33 849.93
2025 10 10 15:27:34 849.1
2025 10 10 15:27:35 848.64
2025 10 10 15:27:36 848.63
2025 10 10 15:27:37 848.47
2025 10 10 15:27:38 846.93
2025 10 10 15:27:39 846.93
2025 10 10 15:27:40 846.93
2025 10 10 15:27:42 847.33
2025 10 10 15:27:43 847.56
2025 10 10 15:27:44 847.56
2025 10 10 15:27:45 847.63
2025 10 10 15:27:46 848.73
2025 10 10 15:27:47 848.86
2025 10 10 15:27:48 848.85
2025 10 10 15:27:49 848.85
2025 10 10 15:27:51 848.85
2025 10 10 15:27:52 848.86
2025 10 10 15:27:53 848.86
2025 10 10 15:27:54 848.65
2025 10 10 15:27:55 848.64
2025 10 10 15:27:57 848.64
2025 10 10 15:27:58 848.26
2025 10 10 15:27:59 848.06
2025 10 10 15:28:00 848.05
2025 10 10 15:28:01 848.03
2025 10 10 15:28:02 847.83
2025 10 10 15:28:03 847.82
2025 10 10 15:28:04 847.82
2025 10 10 15:28:06 847.8
2025 10 10 15:28:07 847.78
2025 10 10 15:28:08 847.78
2025 10 10 15:28:09 847.78
2025 10 10 15:28:10 847.88
2025 10 10 15:28:11 847.91
2025 10 10 15:28:12 847.9
2025 10 10 15:28:13 847.81
2025 10 10 15:28:14 847.02
2025 10 10 15:28:15 847.03
2025 10 10 15:28:17 847.03
2025 10 10 15:28:18 846.83
2025 10 10 15:28:19 846.67
2025 10 10 15:28:20 846.67
2025 10 10 15:28:21 846.69
2025 10 10 15:28:22 846.86
2025 10 10 15:28:24 846.87
2025 10 10 15:28:25 846.88
2025 10 10 15:28:26 846.33
2025 10 10 15:28:27 845.77
2025 10 10 15:28:28 845.76
2025 10 10 15:28:29 845.76
2025 10 10 15:28:30 846.13
2025 10 10 15:28:31 846.18
2025 10 10 15:28:32 846.18
2025 10 10 15:28:34 845.96
2025 10 10 15:28:35 845.46
2025 10 10 15:28:36 845.46
2025 10 10 15:28:37 845.46
2025 10 10 15:28:38 846.04
2025 10 10 15:28:39 846.51
2025 10 10 15:28:40 846.51
2025 10 10 15:28:42 846.39
2025 10 10 15:28:43 846.08
2025 10 10 15:28:44 846.08
2025 10 10 15:28:45 846.07
2025 10 10 15:28:46 845.57
2025 10 10 15:28:47 845.3
2025 10 10 15:28:48 845.3
2025 10 10 15:28:49 845.3
2025 10 10 15:28:50 845.74
2025 10 10 15:28:51 845.8
2025 10 10 15:28:52 845.8
2025 10 10 15:28:54 845.76
2025 10 10 15:28:55 845.47
2025 10 10 15:28:56 845.47
2025 10 10 15:28:57 845.47
2025 10 10 15:28:58 845.3
2025 10 10 15:28:59 845.25
2025 10 10 15:29:00 845.25
2025 10 10 15:29:02 845.18
2025 10 10 15:29:03 844.88
2025 10 10 15:29:04 844.87
2025 10 10 15:29:05 844.87
2025 10 10 15:29:06 844.56
2025 10 10 15:29:07 844.48
2025 10 10 15:29:08 844.5
2025 10 10 15:29:10 844.5
2025 10 10 15:29:11 844.81
2025 10 10 15:29:12 844.82
2025 10 10 15:29:13 844.82
2025 10 10 15:29:14 844.94
2025 10 10 15:29:15 845.1
2025 10 10 15:29:16 845.1
2025 10 10 15:29:17 845.1
2025 10 10 15:29:18 845.13
2025 10 10 15:29:19 845.14
2025 10 10 15:29:21 845.13
2025 10 10 15:29:22 844.83
2025 10 10 15:29:23 844.14
2025 10 10 15:29:24 844.15
2025 10 10 15:29:25 844.14
2025 10 10 15:29:26 843.97
2025 10 10 15:29:28 843.9
2025 10 10 15:29:29 843.91
2025 10 10 15:29:30 844.03
2025 10 10 15:29:31 844.13
2025 10 10 15:29:32 844.12
2025 10 10 15:29:34 844.12
2025 10 10 15:29:35 844.04
2025 10 10 15:29:36 844.03
2025 10 10 15:29:37 844.03
2025 10 10 15:29:38 844.1
2025 10 10 15:29:39 844.46
2025 10 10 15:29:40 844.46
2025 10 10 15:29:41 844.46
2025 10 10 15:29:42 844.62
2025 10 10 15:29:44 844.72
2025 10 10 15:29:45 844.72
2025 10 10 15:29:46 844.72
2025 10 10 15:29:47 844.43
2025 10 10 15:29:48 844.39
2025 10 10 15:29:49 844.39
2025 10 10 15:29:50 844.42
2025 10 10 15:29:51 844.48
2025 10 10 15:29:52 844.48
2025 10 10 15:29:53 844.48
2025 10 10 15:29:54 844.24
2025 10 10 15:29:56 844.13
2025 10 10 15:29:57 844.13
2025 10 10 15:29:58 844.18
2025 10 10 15:29:59 844.56
2025 10 10 15:30:00 844.57
2025 10 10 15:30:02 844.57
2025 10 10 15:30:03 844.48
2025 10 10 15:30:04 844.44
2025 10 10 15:30:05 844.44
2025 10 10 15:30:06 844.14
2025 10 10 15:30:07 843.62
2025 10 10 15:30:08 843.62
2025 10 10 15:30:09 843.6
2025 10 10 15:30:11 844.09
2025 10 10 15:30:12 844.39
2025 10 10 15:30:13 844.4
2025 10 10 15:30:14 844.3
2025 10 10 15:30:15 843.36
2025 10 10 15:30:16 843.35
2025 10 10 15:30:17 843.35
2025 10 10 15:30:18 843.31
2025 10 10 15:30:20 843.29
2025 10 10 15:30:21 843.3
2025 10 10 15:30:22 843.31
2025 10 10 15:30:23 842.95
2025 10 10 15:30:24 842.89
2025 10 10 15:30:25 842.89
2025 10 10 15:30:26 842.83
2025 10 10 15:30:27 841.88
2025 10 10 15:30:28 841.82
2025 10 10 15:30:30 841.82
2025 10 10 15:30:31 842.71
2025 10 10 15:30:32 843.61
2025 10 10 15:30:33 843.61
2025 10 10 15:30:34 843.61
2025 10 10 15:30:35 843.02
2025 10 10 15:30:36 842.93
2025 10 10 15:30:37 842.94
2025 10 10 15:30:38 842.84
2025 10 10 15:30:40 842.64
2025 10 10 15:30:41 842.63
2025 10 10 15:30:42 842.63
2025 10 10 15:30:43 842.66
2025 10 10 15:30:44 842.65
2025 10 10 15:30:45 842.66
2025 10 10 15:30:46 842.64
2025 10 10 15:30:48 842.63
2025 10 10 15:30:49 842.63
2025 10 10 15:30:50 842.63
2025 10 10 15:30:51 842.88
2025 10 10 15:30:52 843.07
2025 10 10 15:30:53 843.07
2025 10 10 15:30:54 842.98
2025 10 10 15:30:55 842.23
2025 10 10 15:30:57 842.19
2025 10 10 15:30:58 842.2
2025 10 10 15:30:59 842.2
2025 10 10 15:31:00 842.18
2025 10 10 15:31:01 842.18
2025 10 10 15:31:02 841.99
2025 10 10 15:31:04 841.58
2025 10 10 15:31:05 841.58
2025 10 10 15:31:06 841.58
2025 10 10 15:31:07 841.6
2025 10 10 15:31:08 841.62
2025 10 10 15:31:09 841.62
2025 10 10 15:31:10 841.67
2025 10 10 15:31:11 842.18
2025 10 10 15:31:12 842.23
2025 10 10 15:31:14 842.23
2025 10 10 15:31:15 842.02
2025 10 10 15:31:16 841.55
2025 10 10 15:31:17 841.55
2025 10 10 15:31:18 841.55
2025 10 10 15:31:19 841.35
2025 10 10 15:31:20 841.15
2025 10 10 15:31:21 841.15
2025 10 10 15:31:22 841.19
2025 10 10 15:31:23 841.72
2025 10 10 15:31:24 841.8
2025 10 10 15:31:26 841.79
2025 10 10 15:31:27 841.74
2025 10 10 15:31:28 841.63
2025 10 10 15:31:29 841.63
2025 10 10 15:31:30 841.64
2025 10 10 15:31:31 841.23
2025 10 10 15:31:32 841.03
2025 10 10 15:31:34 841.03
2025 10 10 15:31:35 841.03
2025 10 10 15:31:36 841.15
2025 10 10 15:31:37 841.15
2025 10 10 15:31:38 841.15
2025 10 10 15:31:39 841.38
2025 10 10 15:31:40 841.51
2025 10 10 15:31:41 841.52
2025 10 10 15:31:42 841.51
2025 10 10 15:31:43 841.14
2025 10 10 15:31:45 841.1
2025 10 10 15:31:46 841.1
2025 10 10 15:31:47 840.59
2025 10 10 15:31:48 839.4
2025 10 10 15:31:49 839.4
2025 10 10 15:31:50 839.39
2025 10 10 15:31:52 839.3
2025 10 10 15:31:53 839.28
2025 10 10 15:31:54 839.28
2025 10 10 15:31:55 839.33
2025 10 10 15:31:56 839.38
2025 10 10 15:31:57 839.38
2025 10 10 15:31:58 839.38
2025 10 10 15:32:00 839.59
2025 10 10 15:32:01 839.63
2025 10 10 15:32:02 839.63
2025 10 10 15:32:03 839.78
2025 10 10 15:32:04 840.34
2025 10 10 15:32:05 840.34
2025 10 10 15:32:06 840.33
2025 10 10 15:32:07 840.07
2025 10 10 15:32:08 839.91
2025 10 10 15:32:10 839.9
2025 10 10 15:32:11 839.9
2025 10 10 15:32:12 838.86
2025 10 10 15:32:13 838.79
2025 10 10 15:32:14 838.79
2025 10 10 15:32:15 839.07
2025 10 10 15:32:16 839.48
2025 10 10 15:32:17 839.48
2025 10 10 15:32:19 839.48
2025 10 10 15:32:20 839.44
2025 10 10 15:32:21 839.45
2025 10 10 15:32:22 839.45
2025 10 10 15:32:23 838.93
2025 10 10 15:32:24 838.27
2025 10 10 15:32:26 838.27
2025 10 10 15:32:27 838.25
2025 10 10 15:32:28 838.01
2025 10 10 15:32:29 837.99
2025 10 10 15:32:30 837.99
2025 10 10 15:32:31 838.27
2025 10 10 15:32:32 838.81
2025 10 10 15:32:34 838.82
2025 10 10 15:32:35 838.82
2025 10 10 15:32:36 838.67
2025 10 10 15:32:37 838.65
2025 10 10 15:32:38 838.65
2025 10 10 15:32:39 838.55
2025 10 10 15:32:40 838.42
2025 10 10 15:32:42 838.42
2025 10 10 15:32:43 838.41
2025 10 10 15:32:44 838.31
2025 10 10 15:32:45 838.31
2025 10 10 15:32:46 838.3
2025 10 10 15:32:48 838.26
2025 10 10 15:32:49 838.22
2025 10 10 15:32:50 838.22
2025 10 10 15:32:51 838.22
2025 10 10 15:32:52 838.79
2025 10 10 15:32:53 838.83
2025 10 10 15:32:54 838.83
2025 10 10 15:32:55 838.74
